-0.0791175
0.0442556
0.0540528
-0.101776
-0.184508
0.0413931
-0.0595396
-0.0998417
0.102848
-0.160924
0.186462
-0.0731864
-0.233216
-0.0448154
-0.143528
0.170881
-0.139114
-0.149232
-0.0323295
0.0111619
0.0852299
0.043001
0.005972
0.00515924
-0.125864
-0.359665
-0.0834799
-0.0506545
-0.0400622
-0.0395948
-0.042959
0.0452233
-0.14685
0.0129198
-0.011955
0.0462639
-0.00385272
-0.0880093
0.130445
0.029577
-0.282941
0.0422347
0.0429851
0.252573
0.178012
-0.0406502
0.0283148
-0.0977386
0.114287
-0.184846
-0.0369014
0.134695
0.0572761
0.0264377
-0.020664
-0.0728279
0.0387782
0.120071
-0.0618745
0.0244256
0.0938919
-0.0897942
-0.0222209
-0.0986794
0.178325
0.0237112
-0.124599
-0.20693
0.102986
-0.140285
-0.103443
0.0208288
-0.199795
-0.159346
-0.272826
0.0217406
0.362729
0.125359
-0.158484
0.0648091
-0.0426257
0.0898366
0.122655
0.167139
0.00595952
0.0456689
-0.0881939
0.0246989
0.227905
-0.116043
-0.0474112
0.239653
-0.000317026
0.0959171
0.0318233
0.0319161
-0.0568771
0.0854763
-0.0933424
0.0880563
0.0787667
-0.0703822
0.0260667
0.108073
-0.12322
0.128746
-0.0494119
0.0840995
0.0647266
-0.0142861
-0.101815
-0.04442
0.135856
-0.180982
0.176238
0.204986
0.108641
0.0872937
0.201533
0.0253419
0.0110157
0.0273832
-0.203524
-0.0297394
0.0906329
-0.0777334
0.0411544
-0.000154032	