-0.0987005
0.0989225
0.0618941
-0.0664619
-0.180862
-0.0385648
-0.07538
-0.149459
0.110092
-0.181543
0.190898
-0.0869236
-0.196074
-0.0343375
-0.0792946
0.219251
-0.142094
-0.144926
-0.0446367
-0.0273794
0.0280168
0.0404663
0.00827521
0.0184417
-0.0593134
-0.316314
-0.0908151
-0.0223956
-0.0394048
-0.036268
-0.0119004
0.10617
-0.126009
-0.0211847
0.0802683
0.0949571
-0.0166073
-0.0453097
0.155473
-0.0556955
-0.28161
0.0302579
0.121987
0.246574
0.13873
-0.00174444
0.0172078
-0.159937
0.155038
-0.115005
0.000798516
0.123002
0.0937092
0.016938
0.0109083
-0.159116
0.0239421
0.158974
-0.0858479
-0.004422
0.133993
-0.103396
-0.0144425
-0.110346
0.222812
0.0588148
-0.14364
-0.176494
0.1559
-0.109972
-0.0691927
0.00848175
-0.178375
-0.169278
-0.277566
-0.0134866
0.367926
0.0814207
-0.143513
0.0624251
0.00331054
0.0487199
0.0704286
0.22171
-0.0477502
0.0212356
-0.0345814
-0.00854291
0.216353
-0.0830607
-0.0148619
0.190187
-0.000404692
0.0714912
0.000815014
-0.0230639
-0.0813211
0.0356468
-0.157832
0.0452361
-0.0647282
-0.100753
-0.000501846
0.118271
-0.154318
0.11791
-0.00758533
0.0728817
-0.0157439
0.0541452
-0.0585333
-0.0708825
0.112666
-0.190419
0.18846
0.17026
0.0960464
0.15206
0.177906
0.108222
0.0483192
0.00184167
-0.181429
-0.0254456
0.10953
-0.0689171
0.0604125
0.0381331	