-0.14213
0.101551
0.0661873
-0.0677134
-0.198194
-0.0219745
-0.0818398
-0.160259
0.0887782
-0.130515
0.207072
-0.084708
-0.120138
-0.077328
-0.0997439
0.211881
-0.147346
-0.158455
-0.0203029
-0.0169172
0.042479
-0.00216747
-0.00174793
0.0300102
-0.0818173
-0.328572
-0.087171
-0.0448904
0.0456031
-0.0485847
-0.0554574
0.0988517
-0.204306
-0.0723543
0.0179025
0.124403
0.0191531
-0.0510349
0.118712
-0.0507282
-0.268986
0.0736579
0.0914441
0.264737
0.199012
0.00961054
0.0268012
-0.104786
0.10113
-0.129123
0.0491308
0.0899723
0.0458228
0.00895742
0.0279575
-0.107854
0.0222587
0.106261
-0.093731
0.0322592
0.145015
-0.0827136
-0.0219308
-0.146794
0.192103
0.0737744
-0.0719612
-0.198427
0.140296
-0.117257
-0.0877213
0.0251951
-0.139677
-0.126511
-0.324793
0.0239818
0.360052
0.132431
-0.16983
0.0912377
0.0246586
0.0375349
0.134045
0.152173
0.0130214
0.0385538
-0.0669211
0.00212096
0.211872
-0.0357279
-0.0299959
0.203998
-0.0364802
0.000289948
0.0322709
0.0640631
-0.0618111
0.0617638
-0.135274
0.0187512
0.0646452
-0.0862482
-0.00513993
0.119335
-0.161271
0.103937
-0.0589237
0.110558
0.00241729
-0.00479271
-0.079042
-0.000607603
0.138776
-0.201325
0.221513
0.176342
0.02233
0.11101
0.191579
0.0790726
0.0282783
-0.0156043
-0.174965
-0.0685923
0.0972788
-0.0911916
0.0931759
0.0849716	