-0.13918
0.0925037
0.0817314
-0.0864488
-0.184232
-0.0273774
-0.0897005
-0.141493
0.116114
-0.122721
0.214068
-0.0906921
-0.180285
-0.00541328
-0.0348585
0.232202
-0.107816
-0.221822
-0.0227959
0.00075286
0.068597
0.015395
0.00415434
0.0386022
-0.150182
-0.329139
-0.0779307
-0.0151055
0.0624021
-0.0508327
-0.044867
0.115992
-0.243766
-0.0180175
0.0697754
0.1326
-0.0205533
-0.121978
0.164751
0.0315409
-0.335853
0.0626665
0.0670423
0.234483
0.1412
-0.0190141
0.069953
-0.13448
0.0824933
-0.132299
0.0190098
0.150591
0.078176
0.00549904
-0.00187424
-0.120213
0.0452134
0.15847
-0.19491
0.024195
0.201587
-0.0766346
-0.0397404
-0.190046
0.195289
0.106938
-0.107659
-0.218163
0.173346
-0.0633989
-0.103284
0.0829171
-0.186901
-0.164168
-0.293399
0.0209857
0.355109
0.109611
-0.138848
0.0766408
0.0542079
0.0483981
0.036579
0.164755
-0.0252408
0.0221912
-0.0328008
0.0240117
0.245537
-0.00815935
-0.0146869
0.151413
-0.0244814
0.000435701
-0.0217976
0.0541696
-0.0977435
0.010083
-0.136559
-0.022621
-0.0571511
-0.0307357
-0.00830815
0.174107
-0.146611
0.136749
-0.056021
0.0139743
-0.0559288
0.0369483
-0.0352748
-0.0165658
0.049459
-0.204956
0.208119
0.180379
0.101166
0.0553953
0.158209
0.0617166
0.0284359
0.0280023
-0.229861
-0.093312
0.119702
-0.0914623
0.0957752
0.0416607	