-0.11989
0.00238927
0.0370855
-0.0472495
-0.092661
0.00542635
-0.0560885
-0.107813
0.12927
-0.180231
0.23528
-0.0499655
-0.206637
-0.109708
-0.0800075
0.205443
-0.180789
-0.116466
-0.0421704
-0.0176596
0.137438
-0.0257283
-0.0176223
0.0154041
-0.165423
-0.339573
-0.104642
-0.0285954
0.0168328
-0.0340377
-0.0524828
0.0358371
-0.202338
-0.0558608
-0.00703322
0.0142074
-0.00366221
-0.0566241
0.164604
0.0712313
-0.222334
0.0292122
0.0136754
0.224856
0.119553
0.0322482
0.00757573
-0.14871
0.136058
-0.190747
-0.0326792
0.157073
0.0707362
0.0919323
-0.0458142
-0.0668068
0.0809615
0.102921
-0.140187
0.0379531
0.0750472
-0.132797
-0.0398892
-0.0822086
0.182519
0.0477271
-0.114841
-0.186038
0.113307
-0.0826052
-0.0771272
-0.0019353
-0.139096
-0.182497
-0.33424
0.0221891
0.368084
0.136811
-0.209027
0.0563421
-0.0956684
0.0386733
0.169088
0.162334
0.0111895
0.0215416
-0.0339714
-0.0104145
0.173284
-0.0743222
-0.0232184
0.255058
0.0319821
0.109571
0.0455571
0.0378022
-0.107848
0.0378755
-0.0700429
0.0153243
0.0651411
-0.0284313
0.0775082
0.0843864
-0.116789
0.181875
-0.00699277
0.0665921
0.0877701
0.0252498
-0.121253
-0.0973281
0.0494597
-0.213661
0.188276
0.21181
0.0783539
0.123146
0.188499
0.101309
-0.0518672
0.0498016
-0.169926
-0.0263341
0.109325
-0.0343673
0.0557991
-0.0292909	