-0.0943854
0.0396504
0.0551351
-0.0766246
-0.0933241
-0.0392081
-0.118922
-0.117815
0.0874551
-0.134623
0.245758
-0.0997656
-0.183256
-0.0377987
-0.0477189
0.199616
-0.178777
-0.116197
-0.0446386
-0.00550513
0.0504743
-0.0241071
0.000477798
0.0342281
-0.075838
-0.344282
-0.102282
-0.0281585
0.0278561
-0.0764666
-0.0130287
0.0349902
-0.136423
-0.00101301
0.0512697
0.0697556
-0.0135763
-0.134162
0.211724
-0.0334492
-0.299531
0.0268893
0.096582
0.213695
0.220447
-0.00783005
0.0230879
-0.148722
0.15638
-0.169513
0.0335081
0.127983
0.0542942
0.0420173
-0.01539
-0.103714
0.0245363
0.1488
-0.152135
-0.0148225
0.133909
-0.0852862
-0.00247724
-0.0590475
0.193511
0.114008
-0.160033
-0.232556
0.122396
-0.139143
-0.0487166
0.062219
-0.140268
-0.187942
-0.27704
0.0257155
0.370231
0.0434969
-0.138401
0.0718915
-0.0161114
-0.0461637
0.112261
0.207933
-0.000717679
-0.0196473
-0.0399628
-0.00215705
0.253564
-0.0535936
-0.00748408
0.206586
-0.0286081
0.0274046
0.0251971
0.113995
-0.0986605
0.0673226
-0.111584
0.0228955
0.0259073
-0.031373
0.0244485
0.111034
-0.144589
0.15275
-0.0263522
0.0555674
0.0568938
-0.0281233
-0.0551524
-0.0702294
0.105452
-0.223557
0.157395
0.13993
0.133325
0.106912
0.167148
0.0917128
0.0653813
-0.00470594
-0.208763
0.00694103
0.0475504
-0.00817128
0.0547656
0.00737623	