-0.161627
0.0229198
0.0568752
-0.0720908
-0.151979
-0.0355301
-0.0271509
-0.184591
0.0519973
-0.210732
0.229891
-0.0670708
-0.172712
-0.028746
-0.0571866
0.154406
-0.119299
-0.173531
-0.0029593
-0.0575511
0.0524076
0.0387722
0.0230953
0.0507413
-0.128513
-0.270958
-0.139676
-0.0505742
0.00765281
-0.0188531
-0.0102371
0.0686034
-0.121615
0.0394859
0.0173928
0.136521
-0.038614
-0.0904446
0.196639
-0.0131131
-0.281793
0.0433503
0.111557
0.271317
0.195864
-0.0277555
-0.0106921
-0.125968
0.133983
-0.199437
0.00888309
0.101005
0.0515992
0.0451194
-0.0394331
-0.118811
0.0798923
0.101096
-0.130405
-0.0134732
0.147224
-0.133927
0.0415394
-0.0458663
0.210597
0.107217
-0.111297
-0.165162
0.0997165
-0.212559
-0.107564
0.0820068
-0.172647
-0.186068
-0.273634
0.0539106
0.374849
0.1668
-0.0594182
0.087124
0.0150387
0.0781331
0.182878
0.157041
-0.0628733
0.0025705
-0.112516
0.0153154
0.266195
-0.0658603
-0.0595358
0.21218
0.0221959
0.106221
0.089484
0.0559223
-0.0589689
0.0318267
-0.159109
0.0670674
-0.0284242
-0.0610992
0.0474336
0.103312
-0.130802
0.149417
-0.0566439
0.019474
-0.0353498
-0.0318227
-0.096233
-0.00161166
0.085363
-0.190425
0.15651
0.165622
0.108457
0.16242
0.247441
0.0520552
-0.0235564
-0.0172944
-0.179328
0.0121273
0.135483
-0.0447807
0.140274
0.0212163	