-0.0453932
0.070498
0.0519577
-0.0818677
-0.063393
0.000766018
-0.0958221
-0.141122
0.124188
-0.131541
0.243039
-0.0153588
-0.151944
-0.119751
-0.0373778
0.168963
-0.193353
-0.161235
-0.0325676
-0.00873624
0.116285
0.019136
0.00232323
0.0229563
-0.0830512
-0.309356
-0.132397
-0.0513579
0.0527287
-0.0948301
-0.0580614
0.0042115
-0.160515
-0.0312891
0.0336431
0.111307
-0.0184336
-0.100299
0.173008
-0.000775199
-0.202218
0.085199
0.0288651
0.226102
0.214721
0.00479531
0.0704694
-0.16933
0.145931
-0.109396
0.0442739
0.176603
0.094679
0.0590353
0.0122004
-0.0941426
0.0428476
0.0939739
-0.0666952
0.0479815
0.133731
-0.0827247
0.00125417
-0.0391435
0.125882
4.82327e-05
-0.0890208
-0.271947
0.0918222
-0.12859
-0.134356
0.0710671
-0.188971
-0.156229
-0.255034
0.0126759
0.430388
0.0645537
-0.210765
0.107314
-0.0302143
-0.0480131
0.140161
0.187076
0.0159645
0.037169
-0.147612
0.0406169
0.265372
-0.071281
-0.00303831
0.202962
-0.00300813
0.0969829
0.0535881
0.0572491
-0.0548677
0.115338
-0.0867649
-0.0177574
0.0624595
-0.0338969
-0.0179518
0.102431
-0.102736
0.181211
-0.0359816
0.0852243
0.0156937
-0.0319619
-0.099773
-0.0442196
0.145915
-0.181817
0.146989
0.189632
0.0877722
0.0608229
0.150781
0.141022
0.0183815
0.00135408
-0.250345
-0.00557493
0.01711
0.00224479
0.0602909
0.00843226	