-0.0604069
0.0678102
0.0403622
-0.0123034
-0.0972426
0.00995635
-0.0510931
-0.0880572
0.148364
-0.074057
0.211631
-0.0436328
-0.22961
-0.10663
-0.0607491
0.165666
-0.169357
-0.131387
-0.0303969
0.00490525
0.108386
0.066495
0.0390066
-0.00164374
-0.10551
-0.347723
-0.0493026
-0.0768243
0.0276074
-0.0451401
-0.0774186
0.0889929
-0.213903
-0.0739373
0.0660539
0.0749431
-0.0473555
-0.0238215
0.215638
0.0427449
-0.205159
0.0408487
0.0264897
0.265191
0.199542
0.0389257
0.0270324
-0.143415
0.130132
-0.145151
0.0160917
0.211926
0.11944
0.0302375
0.0122238
-0.107928
0.0204088
0.0530607
-0.120114
0.0264802
0.133413
-0.0980254
-0.0418137
-0.110143
0.204
-0.0551398
-0.0996819
-0.191985
0.142982
-0.111135
-0.0992077
0.0526138
-0.182097
-0.170349
-0.288974
0.0136024
0.382063
0.0928328
-0.207166
0.12052
-0.0163553
-0.0201257
0.0977802
0.210609
0.00849321
0.0790986
-0.0746899
0.0161471
0.185144
-0.0824874
-0.0248967
0.210039
0.0118845
0.0906987
0.0578467
-0.0470934
-0.0552534
0.0318628
-0.152069
-0.0095303
0.00198812
-0.0371284
0.0190686
0.108378
-0.0924223
0.139194
-0.0392016
0.0480872
0.00349041
-0.0519177
-0.097772
-0.0623023
0.107181
-0.214755
0.177751
0.125831
0.0839124
0.0932671
0.127919
0.112909
0.00364596
0.0655994
-0.245621
-0.0511167
0.0904574
-0.0386216
0.0945572
0.000737197	