-0.0698007
0.0639051
0.0881806
-0.0251076
-0.112915
-0.0253864
-0.0860948
-0.161563
0.0761871
-0.117517
0.223018
-0.0462897
-0.169147
-0.128086
-0.0417565
0.176666
-0.128744
-0.125158
-0.0653627
-0.026087
0.0334511
0.0098597
0.0705745
0.0340496
-0.125743
-0.312861
-0.0864628
-0.0709973
-0.00616698
-0.0495474
-0.081835
0.0280593
-0.175651
-0.0312839
-0.00200772
0.0730258
0.00852731
-0.0540846
0.192581
-0.0218426
-0.224785
0.0308098
0.055982
0.200786
0.236155
-9.64862e-05
0.0454383
-0.112392
0.105474
-0.134006
0.0291541
0.115108
0.0703361
0.0364066
-0.0455364
-0.126552
0.0396549
0.0945728
-0.0576098
0.00585669
0.0994586
-0.0933677
-0.0572141
-0.00274714
0.209984
0.0340014
-0.0879681
-0.198465
0.0927879
-0.150554
-0.0778826
0.0415239
-0.188651
-0.141002
-0.32811
0.0236533
0.382992
0.0767215
-0.23573
0.0487899
-0.0519787
0.0479798
0.140913
0.146669
-0.0261327
0.0260406
-0.120839
0.0112212
0.215989
-0.075383
-0.0166729
0.233907
0.0424816
0.0878617
0.0584747
0.0278017
-0.0253866
0.0691641
-0.105815
0.0439742
0.0964689
-0.0343762
0.0328595
0.108669
-0.168484
0.13547
-0.0262475
0.0640717
0.0736907
-0.00554838
-0.106835
-0.103971
0.152737
-0.174491
0.130125
0.208022
0.071463
0.102454
0.171642
0.133072
-0.00568611
0.0577037
-0.190994
0.019556
0.0872292
-0.0654404
0.0768283
0.0482325	