-0.0829451
0.0518006
0.0381561
-0.0878338
-0.124189
-0.0239559
-0.0341401
-0.148839
0.136437
-0.16318
0.244203
-0.074996
-0.201292
-0.0812474
-0.0880565
0.195525
-0.201718
-0.137102
-0.062232
0.0117298
0.111797
-0.0491154
0.0197048
0.0455972
-0.0831208
-0.374927
-0.0972969
-0.0524249
0.00840167
-0.0622247
-0.0483879
0.0633439
-0.219948
-0.019106
-0.0370193
0.0368291
-0.00828089
-0.0614364
0.158768
0.0142756
-0.273497
0.037188
0.0175746
0.207282
0.172861
0.0404866
0.0319171
-0.121292
0.145974
-0.19155
0.0108317
0.144907
0.0825837
0.009122
-0.0234051
-0.118846
0.0176165
0.0689119
-0.0869439
0.0254262
0.117118
-0.0965371
-0.0581264
-0.114869
0.181491
0.0686466
-0.125042
-0.161346
0.113475
-0.123938
-0.0487901
0.0221982
-0.176857
-0.187662
-0.281573
-0.00112724
0.375459
0.0889543
-0.165753
0.035557
-0.0702848
0.0544558
0.125502
0.171851
-0.00403152
0.0607083
-0.0935847
0.038689
0.196865
-0.111705
-0.0113387
0.271755
-0.0350284
0.103324
-0.0214606
0.0224038
-0.0582298
0.0764259
-0.085258
0.0615397
0.064373
-0.0251991
-0.0135869
0.0666727
-0.127782
0.109508
-0.0441319
0.103412
0.0461321
-0.0365502
-0.112377
-0.0804206
0.0921672
-0.187217
0.178958
0.212116
0.0495256
0.0855273
0.156899
0.0687874
0.0141149
-0.0137697
-0.243785
0.000210244
0.127077
-0.0535359
0.0264212
-0.025017	