-0.0452496
0.0125776
0.0638364
-0.0586187
-0.139186
-0.0191104
-0.061951
-0.122789
0.0975409
-0.14817
0.183832
-0.0506904
-0.223113
-0.0339273
-0.0901502
0.191507
-0.12155
-0.169157
-0.0543603
0.0195533
0.0987781
0.041085
0.0106765
0.0257859
-0.110206
-0.363671
-0.129083
0.030308
-0.0350238
-0.0145763
-0.0991263
0.0763365
-0.183592
-0.00649856
0.0664432
0.0717094
0.0133306
-0.124664
0.173065
0.0644089
-0.268897
0.0979702
0.0497264
0.227104
0.200696
-0.0162808
0.0576717
-0.126086
0.122547
-0.149048
0.0304751
0.178552
0.106647
0.0306412
-0.0342283
-0.103511
-0.000864353
0.146076
-0.110967
0.00461275
0.127389
-0.103081
-0.0476688
-0.155905
0.127312
0.0539193
-0.134075
-0.244805
0.129409
-0.147922
-0.0784931
-0.000355521
-0.225869
-0.181455
-0.27252
0.0531098
0.333434
0.133304
-0.18923
0.0789892
-0.0142994
0.0873209
0.0779743
0.160663
0.0208889
0.0524949
-0.0708659
0.0176196
0.226916
-0.0585271
-0.0483127
0.233812
-0.00498093
0.0534843
0.0522002
0.0320737
-0.046047
0.0473113
-0.120297
0.0747918
-0.00843477
-0.0718061
0.0160016
0.110097
-0.119911
0.137843
-0.0864616
0.0575256
0.019249
-0.0179022
-0.124999
-0.067307
0.0885711
-0.218123
0.159094
0.184063
0.0906566
0.103803
0.141474
0.122255
0.012098
0.033284
-0.209848
-0.0601703
0.103434
-0.0268172
0.0768559
0.0143865	