-0.105096
0.0202435
0.0296465
-0.083554
-0.117141
-0.0667431
-0.104676
-0.155791
0.0745949
-0.139035
0.256069
-0.0695671
-0.151234
-0.107497
-0.038829
0.16596
-0.225406
-0.109509
-0.0263893
-0.00165715
0.101979
-0.00743983
0.00813492
0.047211
-0.0911762
-0.351727
-0.138102
-0.0693716
0.0357231
-0.0246648
-0.025103
0.0668596
-0.156306
-0.0625613
0.063526
0.093944
0.0150349
-0.0770185
0.144686
-0.0236471
-0.242667
0.0303768
0.0884531
0.236727
0.228509
0.0457902
0.0206167
-0.123171
0.173444
-0.162116
0.0174107
0.144888
0.0906787
0.047523
0.023987
-0.0974024
0.079285
0.131979
-0.124103
-0.0126146
0.115407
-0.0744244
0.0200451
-0.0630257
0.190882
0.0709911
-0.112098
-0.181981
0.12251
-0.114635
-0.0931336
0.0476091
-0.223212
-0.172179
-0.282042
-0.0206584
0.387894
0.097373
-0.157867
0.0584032
-0.0236239
0.0225062
0.162154
0.156805
0.0211108
-0.0149277
-0.0733643
0.0233413
0.222507
-0.0725418
-0.00618724
0.216782
-0.0217798
0.0707112
0.0441103
0.0392008
-0.058648
0.0702642
-0.121472
0.0136139
0.0502021
-0.0076148
0.0270893
0.115815
-0.137188
0.123025
-0.0259398
0.0883126
0.0269805
-0.0586798
-0.0590248
-0.0283823
0.100178
-0.187731
0.19841
0.183408
0.0676221
0.0967613
0.114422
0.0563701
-0.00656423
-0.0403076
-0.219081
-0.00743858
0.0767677
-0.0376951
0.0543943
-0.0371208	