-0.0871808
0.0830929
0.0618734
-0.0820971
-0.144495
0.00112082
-0.0927745
-0.144908
0.131447
-0.128032
0.169719
-0.0382555
-0.206959
-0.11606
-0.130823
0.212068
-0.164027
-0.156073
-0.0160952
-0.00841201
0.0507285
-0.00668825
0.0400899
0.0252378
-0.120915
-0.32697
-0.0928127
-0.0690172
-0.0507105
-0.0549711
-0.0310087
0.108364
-0.160275
-0.000738572
-0.014766
0.0580929
-0.00719456
-0.0455639
0.184006
0.0176063
-0.216144
0.0429153
0.0351027
0.226219
0.158585
-0.0169214
0.0688993
-0.153864
0.122519
-0.13243
-0.0418515
0.195468
0.0597071
0.0541889
-0.0204239
-0.0767439
0.0649468
0.075536
-0.0703072
0.0382792
0.0883602
-0.0930093
-0.0699414
-0.0971866
0.224199
0.0345908
-0.124884
-0.174015
0.135216
-0.104003
-0.12632
0.005084
-0.176098
-0.158196
-0.28471
-0.000959335
0.331536
0.125134
-0.235589
0.0835046
-0.0825958
0.0302634
0.0788605
0.191738
-0.0502279
0.0613272
-0.0638785
-0.0126809
0.2021
-0.0824249
-0.00734068
0.247383
0.0515989
0.112776
0.0240707
0.00280624
-0.0508348
0.0524143
-0.106827
0.0298251
0.083078
-0.0740041
0.0180148
0.0816223
-0.125764
0.152823
-0.0166334
0.074831
0.0380101
0.0337406
-0.109503
-0.0763846
0.148045
-0.18258
0.202015
0.193156
0.0659445
0.0973448
0.209539
0.146772
-0.036705
0.016006
-0.129995
-0.0401747
0.121221
-0.0607121
0.0571563
0.0261553	