-0.0734944
0.0658126
-0.0224391
-0.0855539
-0.174971
-0.0475976
-0.0831191
-0.111545
0.158346
-0.114057
0.204948
-0.0871231
-0.208253
-0.0551314
-0.107283
0.197368
-0.180621
-0.153187
-0.027746
0.0254178
0.109957
-0.0576037
0.0274333
0.0674904
-0.0584141
-0.32891
-0.0844182
-0.0856257
0.010938
-0.0420665
-0.038192
0.0173491
-0.182745
-0.0767821
0.0791871
0.0895501
-0.0282952
-0.135021
0.163202
-0.0156815
-0.24524
-0.0143095
0.0831151
0.197142
0.145463
0.0685044
0.018489
-0.14823
0.166812
-0.1635
0.0536392
0.126122
0.0933376
0.0257841
0.024382
-0.174249
0.0647839
0.196113
-0.145649
0.0117948
0.112523
-0.0205424
-0.0601968
-0.155188
0.263481
0.137081
-0.148208
-0.192245
0.157379
-0.0996382
-0.0756172
0.0355599
-0.189121
-0.168926
-0.230682
-0.0267183
0.408174
0.10112
-0.138547
-0.00923915
-0.0259172
0.0520006
0.0778242
0.15064
-0.00691563
-0.0210727
-0.0666623
-0.0598806
0.206204
-0.0715815
-0.0431643
0.165033
-0.0528969
0.0695437
-0.0284888
-0.0340298
-0.0954363
0.0796815
-0.127582
-0.00462832
-0.016767
-0.0507655
-0.0327783
0.0934611
-0.127153
0.0151728
-0.0160836
0.0588624
0.00896065
-0.00811813
-0.127486
-0.0588476
0.107596
-0.213248
0.268552
0.16555
0.148367
0.0947287
0.148299
0.0648576
0.0716576
-0.0234589
-0.238882
-0.0280543
0.0870232
-0.0631998
0.0483622
-0.0232072	