-0.0887435
0.0691726
0.0768128
-0.100723
-0.1295
-0.0328931
-0.052189
-0.163988
0.13943
-0.0825496
0.28367
-0.0712221
-0.248623
-0.0865044
-0.0689781
0.230526
-0.166374
-0.172506
0.0148898
0.0578486
0.10985
-0.0233842
0.0141415
0.0398748
-0.178646
-0.313991
-0.115907
-0.0325691
-0.0196682
-0.066276
-0.0415462
0.0647469
-0.230957
-0.0332905
0.067365
0.127202
-0.0290174
-0.109361
0.159641
0.0276684
-0.286748
0.0381339
0.0423459
0.227275
0.136027
0.0100653
0.0466719
-0.172579
0.0833041
-0.199958
0.0433124
0.15409
0.037013
0.0341891
-0.0220043
-0.154004
0.025673
0.132408
-0.149136
0.0184377
0.134544
-0.0674997
-0.0222931
-0.154608
0.204812
0.0794601
-0.174992
-0.137354
0.129647
-0.0762965
-0.0748535
0.0288788
-0.191905
-0.210679
-0.3185
0.00675158
0.397898
0.0857348
-0.217741
0.0523822
-0.0189704
0.053065
0.0774852
0.203892
0.0409072
0.0976468
-0.0711523
0.0390907
0.222992
-0.101608
0.0282062
0.27671
-0.0371257
0.108157
0.00792875
0.0423326
-0.0491859
0.0306935
-0.11627
0.0191777
0.00111404
-0.016623
0.0150351
0.144584
-0.127053
0.118757
0.0202641
0.0386881
0.000284015
-0.0213669
-0.0584911
-0.0872584
0.0911516
-0.233302
0.230202
0.191576
0.0602633
0.0728202
0.143716
0.0795644
0.0164858
-0.0147838
-0.197418
0.00323827
0.0893586
-0.0768919
0.0758497
-0.00471785	