-0.123165
0.122659
0.0111351
-0.0756144
-0.146063
-0.0901797
-0.108279
-0.193675
0.0894315
-0.15076
0.162803
-0.165976
-0.141822
-0.0553079
-0.063874
0.207027
-0.236857
-0.156227
-0.00612158
-0.0220764
0.0785601
-0.0106383
-0.0475514
0.111995
-0.0804896
-0.298954
-0.103591
0.0145774
0.0442775
-0.0308475
-0.0642911
0.0702118
-0.196527
-0.0746665
0.0469551
0.168447
0.0217983
-0.108055
0.110093
-0.0261032
-0.236247
0.0513309
0.163936
0.234143
0.1998
0.0214975
-0.00425516
-0.142435
0.137058
-0.189235
-0.0407331
0.103873
0.0775401
0.0260899
-0.0156837
-0.149698
0.0254744
0.13308
-0.159939
0.00130268
0.144912
-0.0998127
-0.0196777
-0.113983
0.216153
0.156783
-0.086018
-0.226319
0.13298
-0.185352
-0.13229
0.0366885
-0.0554565
-0.137845
-0.317965
-0.0474246
0.396816
0.154729
-0.146085
0.0927788
-0.00777365
0.00048427
0.151111
0.146802
-0.0178285
0.0308517
-0.10587
0.00784899
0.257457
-0.0114195
-0.0105169
0.168942
0.0217042
0.087051
0.0272087
0.00504491
-0.114393
0.0496564
-0.18593
-0.0248215
-0.0233842
-0.00801569
0.0128613
0.120953
-0.136784
0.138013
0.00586462
0.0102955
-0.0385174
0.00398002
-0.0731504
0.0174083
0.106746
-0.228916
0.148305
0.151436
0.0831558
0.140389
0.17452
0.0743349
0.0389934
-0.0416874
-0.175816
-0.0486788
0.0768558
-0.0891305
0.128885
0.0302148	