-0.0867803
0.00741191
0.0354242
0.0137348
-0.104088
-0.0267503
-0.0399478
-0.122802
0.110651
-0.0728853
0.296321
-0.0325763
-0.207327
-0.138505
-0.095153
0.218156
-0.218481
-0.107268
-0.0089119
-0.0216003
0.0921345
-0.043191
0.0791479
0.0746895
-0.048964
-0.358366
-0.0898879
-0.115845
0.0518145
-0.0853632
-0.0287194
0.103611
-0.16313
-0.029196
0.0132511
0.0528297
0.0325676
-0.0738809
0.212613
-0.0348859
-0.209948
0.00427477
0.0406762
0.228669
0.220765
0.0598032
0.000444414
-0.114044
0.15749
-0.182622
0.000953019
0.140662
0.0833195
-0.01512
-0.0395702
-0.130905
0.065868
0.0545417
-0.150491
-0.0055255
0.0569431
-0.135744
0.0268584
-0.0250612
0.187991
0.0332492
-0.0882
-0.137215
0.127613
-0.139477
-0.0194144
0.0611926
-0.211673
-0.177819
-0.333528
-0.0264605
0.459922
0.0593921
-0.133602
0.0583553
-0.0433578
0.00809863
0.132422
0.160784
-0.0330917
-0.0573541
-0.182143
0.0200653
0.18134
-0.0825661
-0.034154
0.215309
-0.0398523
0.100438
0.0307906
0.0700141
-0.0498114
0.0801498
-0.0880673
0.0184071
0.0190355
-0.0168845
0.0387881
0.0709258
-0.112252
0.021
-0.044802
0.0751891
0.033298
-0.0536267
-0.120238
-0.0604338
0.109976
-0.184527
0.183735
0.176877
0.065693
0.10677
0.111577
0.104909
-0.0558767
-0.0671381
-0.203952
0.0312326
0.0829392
-0.0433436
0.0822678
-0.0155034	