-0.101299
0.0169163
0.0363012
-0.0761042
-0.117761
-0.0273933
-0.0406822
-0.121371
0.16132
-0.141663
0.182759
-0.0993185
-0.200609
-0.0319926
-0.0658778
0.175265
-0.191721
-0.114597
-0.00654173
-0.0109326
0.122645
-0.0239317
-0.0277576
0.0637948
-0.0811374
-0.322395
-0.126209
-0.0289064
-0.0184037
-0.0323162
-0.0369194
0.112552
-0.185811
-0.0817375
0.0198527
0.036706
-0.0126145
-0.0548791
0.161835
-0.0174146
-0.243797
0.0828083
0.103418
0.18856
0.144864
0.0632473
-0.0345901
-0.147411
0.151942
-0.153685
0.00999118
0.166249
0.103224
0.0722069
0.0109136
-0.130772
0.0793823
0.0950629
-0.160256
0.0365113
0.104492
-0.123173
0.00581882
-0.0840755
0.175556
0.0958754
-0.0783862
-0.238883
0.0922834
-0.121438
-0.101713
0.063837
-0.144025
-0.173499
-0.270683
0.0110943
0.309998
0.0955197
-0.182085
0.100326
-0.0284211
-0.00267112
0.13811
0.158026
-0.0131181
0.00237239
-0.0523332
-0.0473539
0.182775
-0.0311264
-0.0371521
0.244893
-9.25101e-05
0.0695876
0.0510854
0.0339059
-0.10247
0.0591728
-0.133706
-0.0144558
0.0543661
-0.0391552
-0.00316865
0.0788823
-0.169441
0.150129
-0.0633088
0.0699206
-0.00113121
-0.0229516
-0.0968247
0.00827527
0.0922544
-0.25589
0.218884
0.126062
0.0502034
0.114194
0.139256
0.0831106
-0.00981559
-0.00278936
-0.196947
-0.0293427
0.158673
-0.050179
0.087855
0.0045954	