-0.0461279
0.0974267
0.0302015
-0.0758808
-0.102097
0.0464948
-0.0549495
-0.172499
0.133918
-0.171269
0.1848
-0.0551766
-0.247753
-0.0675553
-0.00787917
0.234794
-0.193312
-0.153
0.0288654
0.00171448
0.0232822
0.0263257
-0.018537
0.0280448
-0.123865
-0.269839
-0.154533
-0.0698822
-0.0600781
-0.0477011
-0.0740239
-7.25054e-05
-0.140621
-0.00665348
0.0492327
0.0931498
-0.0708379
-0.11509
0.164593
0.0432967
-0.22066
0.0865815
0.100043
0.23968
0.165046
-0.000476751
-0.0119958
-0.148442
0.150422
-0.187341
0.0460863
0.0898065
0.063907
0.0846228
-0.00424559
-0.167612
0.0247761
0.122185
-0.156025
0.0472249
0.136431
-0.0551506
-0.0205315
-0.0797412
0.197219
0.136207
-0.134062
-0.231349
0.0699577
-0.163304
-0.116743
0.0672639
-0.166828
-0.1964
-0.277346
0.0307281
0.319304
0.142866
-0.16002
-0.0175793
0.0422291
0.00930146
0.144579
0.180133
0.0271074
0.00122582
-0.0608972
-0.00158597
0.259545
-0.073817
-0.0378698
0.251792
-0.0296997
0.10102
-0.00771387
0.0314169
-0.0614415
0.0382255
-0.157985
-0.0226832
0.0126609
-0.0499058
-0.00297114
0.148511
-0.152536
0.163245
-0.0222758
0.0187984
-0.0226303
-0.0227695
-0.13635
0.0357876
0.16923
-0.215685
0.213046
0.171928
0.0655903
0.0512627
0.148627
0.0605022
-0.0272778
-0.0362129
-0.252054
-0.020128
0.104461
-0.0541825
0.116326
-0.0102497	