-0.151931
0.0644641
0.0712905
-0.0644917
-0.13709
-0.0642307
-0.0889859
-0.146249
0.103638
-0.0374908
0.206437
-0.0643794
-0.119477
-0.12423
-0.072079
0.163775
-0.200604
-0.110373
-0.028508
0.0194836
0.0852312
-0.0422336
0.0242407
0.0351772
-0.0805691
-0.326973
-0.0549846
-0.0413331
0.0886819
-0.0138086
-0.0198935
0.0568909
-0.2309
-0.112718
0.0225734
0.101878
-0.00739061
-0.075663
0.146736
-0.0177867
-0.246448
0.0249172
0.0454691
0.228157
0.17229
0.101922
0.0469011
-0.111655
0.11878
-0.177156
0.0197907
0.160588
0.0439564
0.0106061
-0.0261344
-0.145923
0.059721
0.104101
-0.141407
0.0504554
0.127814
-0.063299
-0.0254761
-0.0981297
0.238287
0.0985362
-0.11008
-0.16272
0.125889
-0.063819
-0.0852523
0.0275444
-0.148145
-0.157944
-0.306706
0.0116519
0.404117
0.0976159
-0.208181
0.0229639
-0.0878821
0.0695245
0.139025
0.146995
-0.0123129
0.0243292
-0.0834965
-0.0691947
0.192993
-0.0364286
-0.0466889
0.198808
0.0280251
0.0247682
-0.00040401
0.0284481
-0.0709507
0.0695027
-0.13167
-0.0429387
0.112295
-0.00996171
0.0486889
0.122511
-0.153901
0.12942
0.0104196
0.0834999
0.0642351
-0.0126414
-0.084084
-0.0630714
0.10186
-0.193172
0.266176
0.207069
0.0937621
0.12581
0.188606
0.0948448
0.0266451
0.0339101
-0.113614
-0.0642495
0.0742763
-0.0400611
0.0961753
0.0367119	