-0.0992364
0.10787
0.039127
-0.0799852
-0.113252
0.0213253
-0.0563085
-0.177707
0.105938
-0.168826
0.213321
-0.0802428
-0.223945
-0.0699093
-0.109461
0.194278
-0.153618
-0.124536
0.013656
0.0107163
0.130598
0.00212321
0.0272159
0.0400113
-0.112241
-0.297657
-0.152505
-0.0204302
-0.0716307
-0.0826896
0.013111
0.0436431
-0.17432
0.0214603
-0.0194829
0.0960086
-0.0388166
-0.113299
0.126412
0.052326
-0.189877
0.0386636
0.0357848
0.245048
0.163127
-0.0130314
0.00144086
-0.15787
0.115831
-0.188002
-0.0677083
0.119775
0.0426083
0.0394181
0.018664
-0.0615951
0.0614552
0.120514
-0.121998
0.022805
0.058604
-0.0908054
-0.0257501
-0.147227
0.195295
0.0937861
-0.144016
-0.164397
0.105718
-0.136091
-0.112279
0.0788956
-0.138138
-0.215198
-0.24905
0.0123901
0.366493
0.140506
-0.186757
0.0163296
0.00296963
0.022411
0.121548
0.205556
0.0189906
0.0210479
-0.0793698
-0.00508391
0.232022
-0.092206
-0.0386436
0.280919
-0.0309766
0.100331
0.0134911
0.00744975
-0.0689136
0.0677108
-0.108037
0.00653603
0.00414405
-0.0877836
-0.0358618
0.0888346
-0.0965904
0.129001
-0.0390724
0.0235668
-0.00531059
-0.0634023
-0.13538
0.0131864
0.13584
-0.251147
0.168159
0.18599
0.0205363
0.0865539
0.161197
0.118946
-0.0169735
-0.0155575
-0.176124
-0.0314224
0.107569
-0.0749624
0.0430902
-0.0786135	