-0.0559738
0.0118092
0.051022
-0.055983
-0.1465
0.051178
-0.0590181
-0.135091
0.163347
-0.196783
0.213335
-0.0496898
-0.185847
-0.0401036
-0.0833555
0.169636
-0.144803
-0.128428
-0.0468551
0.0394031
0.0551732
-0.0323355
-0.00406497
-0.00967198
-0.078818
-0.337893
-0.100903
-0.0192516
-0.0287353
-0.0753821
-0.0671481
0.0727076
-0.192981
-0.0276033
-0.0322865
0.0759361
-0.0488669
-0.0611414
0.1252
-0.0142685
-0.267571
0.0339093
0.0113159
0.214859
0.170521
0.0243311
-0.000912067
-0.12816
0.125163
-0.213449
0.00469311
0.129148
0.0381586
0.0170837
-0.0161409
-0.121185
0.0205301
0.134052
-0.0654581
0.0353152
0.113877
-0.106066
-0.026446
-0.0976696
0.188812
0.0960184
-0.0859376
-0.176287
0.110733
-0.103702
-0.0429001
0.0111933
-0.174535
-0.229744
-0.258518
0.0155335
0.369578
0.119083
-0.140289
0.0637048
-0.0327004
0.0709945
0.139687
0.160405
0.0110148
0.0529959
-0.0820891
0.035231
0.204742
-0.0982226
0.00346265
0.230928
-0.0419334
0.0428224
0.0127524
0.00637678
-0.0438785
0.0844907
-0.156383
0.0192636
0.0680236
-0.0421238
0.0318418
0.0999465
-0.128767
0.121196
-0.0512948
0.0862061
0.0860697
-0.0628203
-0.0767718
-0.0502096
0.132741
-0.196779
0.161512
0.166311
0.0653785
0.126827
0.159262
0.105772
0.00441958
0.00616181
-0.245423
0.0218123
0.0951067
-0.0183919
0.0414527
0.000398162	