-0.0455885
0.0535073
0.025653
-0.0406407
-0.112608
-0.0148293
-0.0933445
-0.101068
0.104101
-0.089203
0.182749
-0.0638079
-0.196
-0.128735
-0.0782929
0.20341
-0.186271
-0.16949
-0.0133411
0.023506
0.0335883
0.00030353
0.0713248
0.0302402
-0.153511
-0.371309
-0.134626
-0.0891396
-0.0152644
-0.022537
-0.0327336
0.0489755
-0.0939032
0.0182755
0.0668883
0.0750328
-0.0305732
-0.102472
0.197711
0.0202704
-0.309362
0.0275515
0.0945223
0.23206
0.222168
0.0297219
0.0473165
-0.103503
0.140322
-0.102143
0.0292132
0.144196
0.103326
0.0371268
-0.00967362
-0.0835755
0.0200586
0.138604
-0.154133
-0.0514613
0.0579599
-0.099625
-0.00717317
-0.0598819
0.175116
0.0857508
-0.115638
-0.241176
0.166673
-0.195077
-0.102742
0.0483079
-0.161338
-0.167462
-0.298925
-0.010995
0.323278
0.10473
-0.0988497
0.0891725
0.0247715
0.00248291
0.0327388
0.20635
-0.0720742
0.063792
-0.0861034
-0.0499488
0.219381
-0.101107
-0.0225413
0.181843
-0.0167461
0.0890177
0.0514956
-0.00693222
-0.0737706
0.103134
-0.111379
0.011863
0.0388485
-0.0424987
0.0592718
0.062368
-0.115264
0.107355
-0.0204777
0.032958
0.0146861
0.0145404
-0.106024
-0.079913
0.138813
-0.209743
0.174501
0.161113
0.135524
0.110526
0.21921
0.0874333
-0.000734487
-0.0153097
-0.182799
-0.00745454
0.0945761
-0.0493376
0.110988
0.0265839	