-0.0808403
0.0360509
0.080982
-0.104529
-0.149805
-0.0659902
-0.0501721
-0.123588
0.13332
-0.184991
0.188515
-0.0795557
-0.137412
-0.0701412
-0.0393092
0.181871
-0.128779
-0.168528
-0.0254929
-0.0368889
0.0506124
0.0769111
0.0454535
0.0430553
-0.163483
-0.360235
-0.0771348
-0.0283769
-0.0415668
-0.016426
-0.0341761
0.174672
-0.166403
0.00479258
0.0668746
0.0969437
0.0204271
-0.0650087
0.155762
0.000942699
-0.317349
0.0416684
0.0988761
0.251849
0.180229
-0.0881655
0.02337
-0.104397
0.179827
-0.141775
-0.0216981
0.132445
0.0756182
0.0116602
0.0486504
-0.053296
0.0476064
0.0830602
-0.0726305
-0.0224174
0.0995491
-0.0832071
-0.0366742
-0.125292
0.134907
0.0388565
-0.113518
-0.195875
0.0702213
-0.157027
-0.121508
0.0548006
-0.187397
-0.155822
-0.294819
-0.0326648
0.287274
0.103961
-0.213985
0.117792
0.0507395
0.0631365
0.115163
0.229983
-0.0203669
0.121879
-0.0467893
0.0212863
0.242497
-0.0715484
-0.0432891
0.251594
0.00914852
0.0994515
0.0532626
0.0105184
-0.0511907
0.0267798
-0.156252
0.0672265
0.04265
-0.0409336
-0.0351315
0.109713
-0.184506
0.178653
-0.0468681
0.0739436
0.0102933
0.0264484
-0.041953
-0.0502854
0.0544125
-0.173792
0.130255
0.165516
0.0460404
0.123104
0.145573
0.0319723
0.0075425
0.0364158
-0.140332
-0.0557915
0.116691
-0.0768687
0.044979
-0.00872614	