-0.158044
0.0853437
0.0579315
-0.0672649
-0.121046
-0.0649737
-0.0203786
-0.172417
0.11664
-0.0874637
0.226989
-0.0732574
-0.227915
-0.0703713
-0.0533355
0.200209
-0.181668
-0.138776
-0.0116567
-0.0371648
0.0972547
-0.0405042
0.044626
0.02662
-0.140514
-0.2745
-0.0941757
-0.0720706
-0.00723987
0.0325578
0.00132544
0.0827737
-0.206517
-0.0803762
0.037345
0.0701848
0.000347386
-0.0310557
0.171367
-0.0249852
-0.197905
0.03768
0.0654812
0.265782
0.175284
0.0384654
0.0448586
-0.140905
0.121066
-0.145454
0.00203743
0.136753
0.0601021
0.0190697
0.00152996
-0.127996
0.102698
0.0851719
-0.140344
0.0477617
0.175295
-0.058587
-0.0485564
-0.102249
0.198204
0.0267948
-0.135672
-0.151368
0.108791
-0.0996758
-0.084731
0.0188289
-0.216863
-0.178752
-0.345382
-0.0109252
0.357945
0.0973437
-0.206671
0.0514511
0.0134677
0.0877284
0.167135
0.168557
-0.0185598
0.0254196
-0.102061
-0.0245728
0.183084
-0.0706133
-0.0516949
0.247485
0.0189158
0.0367077
0.0328313
0.0577082
-0.063787
0.0188385
-0.158001
0.0213525
0.0372719
-0.0552529
-0.00625133
0.104793
-0.138329
0.115448
-0.0363783
0.105212
-0.0576982
-0.0290103
-0.111705
-0.0319445
0.0982046
-0.167319
0.17946
0.217179
0.0170913
0.0680617
0.161313
0.0645383
-0.0186151
0.0767443
-0.176265
-0.0537182
0.0848388
-0.06679
0.0978218
0.0263014	