-0.106595
0.0250174
0.0433264
-0.0644716
-0.063663
-0.168257
-0.0333804
-0.180553
0.0669884
-0.0408464
0.253286
-0.076334
-0.158777
-0.170096
-0.0333716
0.158299
-0.157056
-0.131472
-0.00386558
-0.0370019
0.0836948
-0.0203906
0.0501056
0.0817036
-0.0809652
-0.335816
-0.104343
-0.11568
0.0613597
0.00639377
-0.000737621
0.100114
-0.164246
-0.0893178
0.0794226
0.0660031
-0.00890952
-0.073257
0.192614
0.00949345
-0.212249
-0.00174554
0.0624726
0.245252
0.180544
0.0340755
0.105037
-0.133341
0.105825
-0.113161
-0.0227867
0.137448
0.11482
0.0148336
-0.00704734
-0.128372
0.0718962
0.093125
-0.217127
0.0225058
0.10783
-0.0989566
-0.0380247
-0.0473102
0.21794
0.0525148
-0.136501
-0.118078
0.1388
-0.147448
-0.0683028
0.0357783
-0.171404
-0.183142
-0.266572
0.0235454
0.323811
0.0878162
-0.179707
0.0670602
-0.0286931
0.0577067
0.133791
0.158776
-0.0402297
0.0259968
-0.0786295
-0.0538283
0.159144
-0.0656705
-0.00472033
0.186129
-0.0243066
0.0687725
0.0453559
0.0181318
-0.0793912
0.0734495
-0.0910417
0.0234928
0.0228865
-0.0457383
0.0602627
0.058639
-0.130729
0.0851963
-0.0274381
0.0143017
-0.025201
-0.0493995
-0.0452741
-0.0818446
0.0610245
-0.184757
0.228172
0.212253
0.0726097
0.140029
0.123357
0.0547221
0.00141567
-0.0232934
-0.126284
-0.00947935
0.0988169
-0.0437092
0.0767208
-0.0514781	