-0.142784
0.077086
0.0527547
-0.0741793
-0.109734
-0.0441668
-0.139951
-0.169816
0.101997
-0.0854257
0.199599
-0.0265374
-0.138336
-0.164808
-0.0731278
0.162118
-0.222451
-0.182858
0.0412238
-0.0356214
0.0986066
-0.0258994
0.012708
0.015311
-0.131326
-0.2712
-0.0907481
-0.0992063
0.045568
-0.0217435
-0.0733653
0.0269931
-0.15315
-0.0499566
0.0204145
0.10389
-0.00155002
-0.0651151
0.15147
-0.011801
-0.192679
0.0336287
0.0601348
0.254293
0.256704
-0.00581459
0.0579564
-0.11922
0.138212
-0.131189
0.00170896
0.186877
0.0828784
0.0509693
0.0277814
-0.128489
0.0419728
0.0915573
-0.0755214
0.0625582
0.111874
-0.0950925
-0.010196
-0.0765409
0.199004
0.0438366
-0.108563
-0.212027
0.118939
-0.073181
-0.145991
0.0382821
-0.18905
-0.137924
-0.293853
-0.0157818
0.385741
0.0899973
-0.207906
0.0987691
-0.0691204
0.00484714
0.123207
0.148187
0.000885576
0.0173546
-0.138366
-0.0444729
0.199882
-0.0659518
-0.014526
0.157747
0.00210944
0.0634702
0.0498897
0.0761305
-0.0940083
0.0916109
-0.106047
-0.0454312
0.0592104
-0.0859829
0.03428
0.0983328
-0.1124
0.126293
0.0112263
0.105324
-0.0257507
-0.0289207
-0.0670398
-0.0034043
0.114409
-0.198142
0.218589
0.190141
0.0907384
0.126575
0.169794
0.0947427
-0.0355887
0.0136671
-0.12321
-0.0435297
-0.0155209
-0.0021551
0.0817176
0.0698599	