-0.0390379
0.06158
0.0657329
-0.0789638
-0.120838
-0.0408189
-0.0983354
-0.149596
0.119508
-0.124035
0.219648
-0.126003
-0.167011
-0.0821528
-0.082639
0.220934
-0.160194
-0.158362
-0.0143672
0.0209359
0.104706
0.0296754
0.0131725
0.0181051
-0.123438
-0.333864
-0.111271
-0.0425177
-0.0175182
-0.0487837
-0.0377438
0.127383
-0.154483
-0.0149954
0.0801135
0.102219
0.013487
-0.0862539
0.142332
-0.00445897
-0.310607
0.0714815
0.0998345
0.18193
0.176058
0.00341183
0.0300275
-0.152607
0.145426
-0.10591
0.0256194
0.138643
0.127433
0.0391478
0.0104082
-0.0848644
0.0376572
0.149416
-0.119636
0.0003698
0.186911
-0.100935
0.0118278
-0.102722
0.15108
0.0709774
-0.11979
-0.179187
0.114463
-0.119305
-0.103673
0.0365193
-0.158516
-0.154093
-0.273394
-0.024044
0.329007
0.0726792
-0.1978
0.0557676
0.0380334
0.0673022
0.107109
0.17804
-0.0296916
0.0393197
-0.0637023
-0.0502456
0.252048
-0.0586757
0.00939211
0.223805
-0.0358017
0.0798041
0.0332744
-0.0021838
-0.0460671
0.0438076
-0.100468
0.0391214
-0.0503266
-0.0698567
-0.0259848
0.0914182
-0.124192
0.117177
-0.0453253
0.0777872
-0.00193983
0.0191739
-0.0461372
-0.0514056
0.101556
-0.182231
0.161795
0.13084
0.0814893
0.0947651
0.167441
0.135771
-0.000195597
-0.0268674
-0.188448
-0.0368552
0.122516
-0.0631777
0.0781812
0.000472306	