-0.118448
0.0259923
-0.0218532
-0.10044
-0.125109
-0.0169416
-0.0708864
-0.129552
0.0597355
-0.132261
0.22754
-0.0915148
-0.189761
-0.0739025
-0.0684293
0.149577
-0.150171
-0.0802511
-0.0554303
-0.00911816
0.105948
-0.0169588
-0.0237089
0.0496856
-0.0824797
-0.32596
-0.0927024
-0.0715432
0.0415351
-0.0373274
-0.0366718
-0.0269611
-0.19838
-0.0668724
0.0287251
0.0814455
-0.0257894
-0.0839632
0.155412
0.0241414
-0.236624
0.0433616
0.0400565
0.220632
0.163305
0.0496788
0.0446272
-0.168807
0.194044
-0.152098
0.037564
0.114981
0.0969079
0.0552079
-0.0367401
-0.119079
0.0484688
0.170115
-0.14485
0.0814461
0.106722
-0.0407397
0.00654968
-0.104138
0.229124
0.0764084
-0.156291
-0.178036
0.131935
-0.139258
-0.0737609
0.0278172
-0.149098
-0.207965
-0.275647
0.0501906
0.363937
0.132898
-0.184507
0.00422067
-0.0705331
0.0194441
0.169663
0.17804
0.0180666
0.0195126
-0.0205848
-0.0396113
0.280074
-0.069709
-0.034518
0.258651
-0.0260625
0.087564
0.0274772
0.0413798
-0.118069
0.0374307
-0.0777057
0.0123821
0.0265572
-0.112218
0.0398808
0.0966478
-0.154777
0.168391
-0.0456683
0.0929745
0.0367449
-0.0285371
-0.100547
-0.0466773
0.135875
-0.186323
0.26339
0.195841
0.14385
0.117421
0.203586
0.0615655
0.0409278
0.00859612
-0.209344
-0.0214008
0.0915567
-0.0492441
0.0838832
-0.0201368	