-0.00696578
0.0125699
0.0780474
-0.0171023
-0.0750024
0.029143
-0.0796307
-0.0819714
0.0839049
-0.109489
0.242749
-0.0392638
-0.188298
-0.154846
-0.055374
0.152742
-0.101327
-0.124822
-0.00671762
-0.00142682
0.0665907
0.00107256
0.0518401
0.0397284
-0.110621
-0.359141
-0.134781
-0.0850571
-0.0412717
-0.049349
-0.0790248
0.0894836
-0.135868
-0.045104
0.0343076
0.111399
0.0479812
-0.0648182
0.151783
0.0412118
-0.193291
0.10352
-0.00837701
0.259081
0.202504
0.0455923
0.0308694
-0.107632
0.157516
-0.145217
0.0805238
0.151221
0.0992267
0.0231918
0.00380606
-0.122824
0.027356
0.0884428
-0.0679877
0.0115823
-0.00886777
-0.0584361
0.0352968
-0.0870136
0.152155
0.052607
-0.0958302
-0.177275
0.145078
-0.114687
-0.099283
0.00025453
-0.244467
-0.153485
-0.317429
0.0661756
0.366747
0.111908
-0.274671
0.0687228
-0.0309255
0.0452251
0.106066
0.206809
0.0244866
0.0370794
-0.103016
-0.0384708
0.206717
-0.0831639
-0.069593
0.241366
-0.0248946
0.149354
0.0994866
-0.000304812
-0.0344067
0.076737
-0.176206
0.0254295
0.0249661
-0.0461541
-0.0202157
0.099367
-0.154663
0.114661
-0.0253976
0.0510492
0.0280626
0.00254842
-0.132599
-0.0429364
0.162636
-0.205201
0.179833
0.197151
0.112175
0.128859
0.202648
0.110684
0.0176971
-0.0217561
-0.205008
-0.0221067
0.0859061
-0.0186649
0.0175501
0.034372	