-0.106059
0.00296686
0.0484912
-0.0990912
-0.173384
-0.0504909
-0.076886
-0.191916
0.0805913
-0.170079
0.163462
-0.10513
-0.169065
-0.0587011
-0.0941447
0.190949
-0.158265
-0.190566
-0.0658477
0.0063466
0.0366119
-0.0557692
0.0173936
0.0544902
-0.0562481
-0.312597
-0.0972848
-0.041435
0.00237526
-0.0182836
-0.00635174
0.0717012
-0.195387
0.00120924
0.0062563
0.0981202
0.00611037
-0.0894969
0.159895
-0.0404351
-0.281256
0.0393008
0.05311
0.215636
0.178947
0.00499502
0.0168904
-0.112814
0.125678
-0.174099
0.055288
0.110856
0.11202
-0.0205412
0.0339001
-0.104999
0.0492536
0.14775
-0.111777
0.064517
0.141311
-0.0928502
-0.0323892
-0.161484
0.227095
0.102788
-0.134859
-0.146781
0.145902
-0.101881
-0.0720991
0.0022475
-0.156507
-0.172449
-0.262248
0.00431939
0.373891
0.136262
-0.200287
0.05287
-0.00414844
0.0550008
0.107527
0.164393
-0.0243295
0.0302868
-0.0649257
0.0015472
0.196082
-0.0644486
-0.0254594
0.224715
-0.0417463
0.00965312
-0.00483322
-0.019305
-0.0415913
0.0655786
-0.130781
0.0329421
0.0486198
-0.0577702
0.016841
0.0573408
-0.109158
0.0926977
-0.046177
0.0743671
0.0211915
-0.0155988
-0.112508
-0.035366
0.129113
-0.203344
0.212032
0.158743
0.0942612
0.104966
0.169934
0.0907626
0.0508014
-0.00262165
-0.178297
-0.0289426
0.133013
-0.0641016
0.103597
0.062859	