-0.0776076
0.0341223
-0.0111753
-0.0795095
-0.14372
-0.0669476
-0.031155
-0.201137
0.0930934
-0.0993816
0.293888
-0.0833323
-0.211981
-0.0677924
-0.0853778
0.205962
-0.190008
-0.12302
-0.0551495
0.00162196
0.0917136
-0.00491371
0.0408544
0.0637478
-0.141555
-0.317454
-0.113297
-0.0192426
-0.0363802
-0.0374783
0.00851464
0.135844
-0.228404
-0.0429623
0.0544249
0.0649306
-0.0139332
-0.0491995
0.178391
-0.0274693
-0.254197
0.0594417
0.132955
0.243641
0.189357
-0.00872098
0.00660121
-0.140318
0.0874863
-0.195691
0.00332669
0.0806642
0.0849778
0.0256292
-0.0451007
-0.0981237
0.0411516
0.155364
-0.169213
0.0100325
0.159655
-0.128031
-0.0491177
-0.110024
0.182862
0.0940855
-0.127703
-0.15098
0.107151
-0.137479
-0.0643695
0.0679809
-0.161704
-0.211355
-0.349593
-0.0243261
0.378
0.0936775
-0.15914
0.0130064
0.0186221
0.0894376
0.152318
0.078122
-0.0154216
-0.0115954
-0.10959
0.0824369
0.241038
-0.0634292
-0.034431
0.270248
-0.00123306
0.0566645
0.035659
0.0861244
-0.015428
0.0361955
-0.157102
0.0999599
-0.0114669
-0.0322998
0.0306568
0.107556
-0.104765
0.0983677
-0.024032
0.0508915
0.00181983
-0.0324525
-0.091451
-0.0567407
0.0832353
-0.229842
0.179966
0.159764
0.0515236
0.0871822
0.0931293
0.0563768
-0.0477314
-0.0419718
-0.22096
0.00555947
0.133442
-0.0739445
0.123383
-0.0102054	