-0.0668109
0.0158871
0.059599
-0.0552219
-0.116303
0.0172016
-0.0945937
-0.133986
0.137506
-0.172086
0.226839
-0.0644272
-0.215669
-0.0335533
-0.0391845
0.209905
-0.144198
-0.158356
-0.0567256
0.00693299
0.0364975
-0.0371184
0.0226037
0.0297509
-0.105574
-0.348181
-0.115288
-0.0342613
-0.0173907
-0.0717598
-0.0511946
0.101193
-0.156508
0.0244841
-0.0149963
0.0945248
0.00431949
-0.129279
0.152718
-0.0320276
-0.280117
0.0260153
0.0216237
0.200472
0.215298
0.00277866
0.0351279
-0.112005
0.120774
-0.199692
-0.00570616
0.113205
-0.0134821
0.0511094
-0.0283454
-0.114871
0.0630572
0.0843266
-0.0691066
-0.0215322
0.107722
-0.120908
-0.0275359
-0.0810593
0.200186
0.099188
-0.104986
-0.198705
0.0903035
-0.150155
-0.0796906
0.0509063
-0.205508
-0.164185
-0.322818
-0.00452605
0.358661
0.0743318
-0.157625
0.0743055
0.0190797
0.0693157
0.137468
0.180525
-0.00358491
0.0158602
-0.118795
0.0185525
0.271754
-0.0751229
-0.0234555
0.230805
-0.0252475
0.0531824
0.0423242
0.110301
-0.00695239
0.0343507
-0.111471
0.0418907
0.112998
-0.0132311
-0.0160619
0.105786
-0.133815
0.126999
-0.0650565
0.101379
0.0780273
-0.0384169
-0.0834952
-0.0472958
0.13523
-0.197855
0.123401
0.190642
0.069114
0.0781725
0.138086
0.122734
-0.0464312
0.00990422
-0.234163
-0.0127982
0.0835725
0.00441205
0.0333027
0.0224692	