-0.0728693
0.00764756
0.0665292
-0.0503325
-0.0548613
-0.0551525
-0.0709877
-0.135184
0.110717
-0.0874125
0.252925
-0.094526
-0.132039
-0.0944977
-0.0525682
0.177153
-0.214433
-0.116078
-0.0509112
8.15187e-05
0.0980458
0.00367248
0.0207773
0.0335694
-0.149702
-0.311451
-0.0809808
-0.0603764
0.0275897
-0.0344735
-0.01688
0.0826869
-0.243586
-0.0578668
0.059263
0.0516814
0.00202985
-0.0455372
0.190789
0.00593113
-0.24553
0.050689
0.0688589
0.211852
0.177198
0.076477
-0.00611852
-0.144165
0.146036
-0.138353
0.0652548
0.147988
0.0858224
0.0177302
0.0178607
-0.106488
0.00886954
0.148719
-0.10411
0.0397382
0.0748663
-0.0666272
0.0105897
-0.110009
0.194746
0.0176981
-0.109247
-0.156144
0.119242
-0.0599038
-0.0814246
0.0573035
-0.155138
-0.165318
-0.333418
-0.00346613
0.404395
0.0172567
-0.226221
0.0781793
-0.0242975
-0.018748
0.129831
0.188158
-0.000559093
0.0334588
-0.0350199
-0.0341295
0.223421
-0.0453006
-0.0200895
0.224623
-0.0507798
0.0260991
0.0178196
-0.0300511
-0.0792204
0.038288
-0.1156
-0.055262
0.0253762
0.0169927
-0.00396202
0.13628
-0.159224
0.0997834
-0.00515101
0.0453434
0.0649418
0.0190305
-0.07703
-0.117185
0.0803284
-0.231877
0.161497
0.142022
0.0699341
0.0984226
0.122629
0.112747
0.00576706
0.0815114
-0.204383
-0.00144433
0.138241
-0.0206094
0.0913047
-0.00722977	