-0.11335
0.0378966
0.0277997
-0.0885038
-0.102549
0.01081
-0.0573825
-0.161225
0.144809
-0.164054
0.235137
-0.0631475
-0.206616
-0.0765117
-0.0855609
0.165574
-0.200358
-0.143654
-0.026536
0.0309495
0.102222
-0.0186695
-0.00393197
0.00638539
-0.185556
-0.324062
-0.113145
-0.0214218
-0.0514032
-0.047398
-0.0217948
0.0445594
-0.213935
-0.0100711
-0.00968968
0.087086
0.00205615
-0.087918
0.169387
0.02739
-0.254736
0.0454712
0.027346
0.261012
0.154471
-0.0532705
0.0216603
-0.140604
0.147265
-0.184417
-0.0180294
0.135652
0.0805652
0.0168839
-0.0207227
-0.082709
0.0136121
0.117555
-0.083072
0.00614319
0.108449
-0.0716717
-0.0336075
-0.142561
0.14728
0.0553034
-0.116144
-0.199005
0.102359
-0.103056
-0.0538285
0.0516096
-0.172872
-0.226025
-0.288229
0.000709304
0.336357
0.0949183
-0.189794
0.0477496
-0.0504893
0.0325008
0.120744
0.168258
0.0484089
0.103493
-0.0725666
0.062196
0.261542
-0.109982
-0.00196495
0.264506
0.00976152
0.0434478
0.0205124
0.00238706
-0.0503962
0.0742268
-0.117851
0.0717005
0.0474231
-0.0310644
0.0246951
0.0995302
-0.134799
0.139676
-0.00682763
0.0446866
0.0431544
-0.0606266
-0.0993147
-0.0736394
0.123344
-0.227456
0.124155
0.178499
0.0593089
0.103154
0.126718
0.073931
-0.0171103
0.0534708
-0.209134
0.00798154
0.0800592
-0.0385873
0.0447648
-0.033758	