-0.10755
0.0679135
0.0225561
-0.0262999
-0.0756631
-0.0747869
-0.0186975
-0.161199
0.14736
-0.121872
0.251502
-0.039442
-0.172731
-0.0651355
0.00579746
0.108846
-0.195391
-0.0670345
0.00405778
0.036018
0.104256
-0.0558661
0.0857038
0.0139072
-0.120278
-0.317725
-0.113487
-0.0758768
0.0395004
-0.0171018
-0.0268479
0.0440813
-0.209608
-0.0547864
-0.0200872
0.0132411
-0.0409269
-0.0317752
0.247586
0.0559354
-0.209785
0.000738298
-0.0167267
0.267405
0.150255
0.0178919
0.0159817
-0.119004
0.136833
-0.138495
0.0115383
0.133536
0.116329
0.0121112
-0.0414533
-0.111287
0.0681401
0.0633577
-0.151102
0.0751515
0.140814
-0.0872556
-0.0418875
-0.0451687
0.270433
0.058925
-0.115802
-0.13003
0.0804724
-0.0784663
-0.0332066
0.0646515
-0.192063
-0.218278
-0.253303
0.0210359
0.347666
0.0653992
-0.192351
0.00812921
-0.111351
0.0126321
0.152392
0.187607
-0.0176799
0.0381017
-0.0832658
-0.0226078
0.194421
-0.111765
-0.0488028
0.280324
0.00930231
0.0715877
0.00560817
-0.0438122
-0.0762668
0.0260474
-0.107066
-0.0268728
0.0579623
-0.0965185
0.0125517
0.119264
-0.197145
0.104123
0.00295852
0.0573276
0.0942211
-0.0160554
-0.120985
-0.151458
0.0740384
-0.224514
0.178107
0.184531
0.0637887
0.10178
0.103917
0.102019
-0.0174147
0.102859
-0.158326
0.0391688
0.0971608
0.0115427
0.0514525
-0.0403508	