-0.0600826
0.0109714
0.0176167
-0.0801117
-0.136444
0.00562152
-0.0788573
-0.113825
0.101191
-0.160776
0.200882
-0.0747073
-0.191061
-0.0673459
-0.0822747
0.163575
-0.143524
-0.105542
-0.0632556
-0.018927
0.0533528
0.0318757
-0.0125017
-0.0129272
-0.098638
-0.312804
-0.097725
-0.0318498
-0.0356758
-0.0450482
-0.0896765
0.0772472
-0.1558
-0.0360293
0.0368165
0.093122
-0.0456406
-0.0795459
0.0959266
-0.0260968
-0.202845
0.0182427
0.069795
0.198899
0.183917
0.00141099
-0.0155938
-0.119255
0.123786
-0.20356
-0.0113648
0.132333
0.0958793
0.0782389
0.0254879
-0.096135
0.0464909
0.143283
-0.0600373
-0.0111163
0.0866974
-0.0698022
-0.0486609
-0.141246
0.18628
0.0728051
-0.147509
-0.174371
0.0862934
-0.117165
-0.0883289
0.0177578
-0.153558
-0.203617
-0.259778
0.0263886
0.293483
0.152228
-0.198894
0.0160799
-0.0103884
0.0567113
0.115453
0.121113
-0.00638048
0.0141681
-0.0769655
-0.00528959
0.191813
-0.100097
-0.00210326
0.210525
-0.0251954
0.083969
0.0108987
0.0466139
-0.0707007
0.0695368
-0.109377
0.0657368
0.0903796
-0.0820422
-0.00591138
0.130715
-0.0957506
0.15809
-0.0642559
0.0752809
0.0615603
-0.0680856
-0.0622648
-0.0308786
0.117671
-0.201548
0.157636
0.173985
0.0493827
0.123372
0.134184
0.0924196
-0.0243149
0.00429365
-0.245403
-0.0492163
0.0790349
-0.0566565
-0.0075549
-0.0134117	