-0.147631
0.0871341
0.0131698
-0.059819
-0.145162
-0.0884897
-0.0386641
-0.152893
0.154067
-0.107116
0.227259
-0.111318
-0.173497
-0.0939786
-0.0873594
0.155488
-0.195917
-0.133578
-0.0562452
-0.020882
0.0712212
-0.0489672
0.0599934
0.101737
-0.0348146
-0.358635
-0.105734
-0.0671427
0.0412718
0.0130089
-0.0268271
0.0640946
-0.228101
-0.139027
0.00236235
0.0649922
-0.0303331
-0.0502788
0.211311
-0.0370983
-0.207735
0.0464332
0.0538274
0.24414
0.189797
0.107786
0.0213893
-0.0910568
0.140845
-0.143089
0.00296936
0.171555
0.127375
0.00236381
0.0114636
-0.161941
0.056524
0.124455
-0.0785594
0.0250185
0.115929
-0.0707142
0.0445777
-0.0826966
0.289742
0.0693451
-0.0879559
-0.129124
0.158911
-0.10726
-0.0543094
0.0192004
-0.164495
-0.176918
-0.243057
0.0414372
0.404802
0.113193
-0.167047
0.0461363
-0.0557401
0.059742
0.139115
0.124959
-0.0836938
-0.00445585
-0.124334
-0.0782755
0.218368
-0.0300919
-0.063758
0.220568
0.00562166
0.0842408
0.062716
-0.0737072
-0.0648562
0.090148
-0.152388
0.0860444
0.0109103
-0.0807871
-0.0151263
0.0301442
-0.11427
0.0485906
-0.0366062
0.0831569
-0.0662073
0.0149621
-0.157921
-0.0302159
0.12016
-0.207878
0.272145
0.16084
0.0751158
0.171992
0.205713
0.0935932
0.0383818
0.0294993
-0.141615
-0.0600013
0.158009
-0.0654368
0.148737
0.0424162	