-0.0972888
0.0316143
0.0470752
-0.0135955
-0.0770647
-0.0357985
-0.0186988
-0.169028
0.108988
-0.10623
0.263024
-0.0732708
-0.208359
-0.111065
-0.0554407
0.184217
-0.173899
-0.112637
-0.0614019
-0.0259926
0.0408573
-0.0444405
0.070438
0.0449351
-0.0409392
-0.388589
-0.0836216
-0.105503
0.0344249
-0.032267
-0.0339129
0.0957514
-0.153214
-0.0593084
0.0202351
0.0723862
0.00267114
-0.0489467
0.212089
-0.0810492
-0.201024
-0.0371552
0.100395
0.238453
0.205757
0.074108
0.0210318
-0.0969998
0.122667
-0.176874
0.0429969
0.113847
0.0213217
0.0418285
0.000739736
-0.090486
0.0765359
0.0506566
-0.0761258
0.0160001
0.144093
-0.136476
-0.0692435
-0.0262476
0.211071
0.0320947
-0.0668754
-0.13878
0.112197
-0.157839
-0.094138
-0.011402
-0.207339
-0.145169
-0.329103
-0.00311397
0.419184
0.118853
-0.145985
0.0799115
-0.00230549
0.0486653
0.212854
0.150934
-0.0100087
-0.0207107
-0.137265
0.019688
0.193733
-0.0641933
-0.0469574
0.18839
-0.026709
0.0660505
0.0475098
0.0405973
-0.0219089
0.0555511
-0.175477
0.00469379
0.132338
0.0282607
0.03128
0.0858205
-0.147353
0.0776757
-0.0324442
0.0903848
0.112357
-0.0334523
-0.105541
-0.0732882
0.117194
-0.130894
0.168458
0.18913
0.0725943
0.0938297
0.142817
0.0990291
0.00540521
0.00644862
-0.234588
-0.0222952
0.0982016
0.0122723
0.0752161
0.00779668	