-0.0377552
0.0192332
0.0230215
-0.0657715
-0.132595
0.0501769
-0.101254
-0.126934
0.117871
-0.143974
0.19057
-0.0959777
-0.219799
-0.0634935
-0.102097
0.183867
-0.087439
-0.173428
-0.0480419
0.0232206
0.0337683
0.0258647
0.0327389
0.0402361
-0.102101
-0.361825
-0.123019
-0.0704196
-0.0459646
-0.0660181
-0.0510972
0.0554925
-0.125162
0.0273755
0.0407721
0.0812771
0.0227202
-0.120209
0.152275
-0.0312223
-0.287086
0.00182566
0.0621008
0.197944
0.146259
0.0147595
0.0201658
-0.141663
0.107634
-0.133454
0.0303875
0.119234
0.0338232
0.0328664
-0.0295162
-0.128816
0.0340281
0.13666
-0.0651316
-0.00429446
0.0571298
-0.085334
-0.0357568
-0.0785925
0.193081
0.0691877
-0.11853
-0.216819
0.14478
-0.150238
-0.0654141
0.039932
-0.188931
-0.188999
-0.275284
0.00796538
0.346955
0.101684
-0.184785
0.0640808
-0.0102892
0.0883761
0.101804
0.178719
-0.00439781
0.0302353
-0.110463
-0.0135012
0.252049
-0.109383
-0.0140461
0.230359
-0.0265741
0.0928466
0.0365534
0.0702771
-0.0338283
0.0826459
-0.112824
0.0650576
0.0979217
-0.0056352
0.0150171
0.112125
-0.128264
0.0901249
-0.0239843
0.0519133
0.0859625
0.000355916
-0.0857654
-0.110017
0.163559
-0.201975
0.139472
0.169798
0.126286
0.125638
0.184864
0.123479
0.0287552
-0.0393282
-0.245135
-0.0036878
0.0991235
-0.0235005
-0.00327603
0.0307054	