-0.0888551
-0.012578
0.0421187
-0.116222
-0.143042
-0.0204778
-0.0739614
-0.131265
0.12264
-0.123148
0.27082
-0.0656529
-0.16791
-0.0738816
-0.0745324
0.166441
-0.210419
-0.111988
0.0168796
0.00479118
0.121507
0.0038003
0.0150626
0.0376325
-0.145139
-0.359962
-0.108695
-0.0314901
0.00817127
-0.0438898
-0.0273298
0.0316645
-0.217939
0.00437293
0.0316195
0.040944
0.00566068
-0.078384
0.141501
0.014668
-0.309808
0.0651152
0.0557263
0.16694
0.185119
0.0287274
0.00053045
-0.145791
0.116729
-0.161728
0.0295668
0.143934
0.0749262
-0.028539
-0.0378791
-0.0812011
-0.00713024
0.164927
-0.141174
0.0330005
0.115131
-0.115359
0.0223996
-0.103568
0.162062
0.0848486
-0.133219
-0.209895
0.087337
-0.145827
-0.0812213
0.0703537
-0.14748
-0.218183
-0.307746
0.005374
0.365155
0.085288
-0.172489
0.0463271
-0.0447624
0.0574646
0.149524
0.169694
0.0196067
0.012086
-0.0777677
-0.0223137
0.249366
-0.0657206
-0.0209562
0.267958
-0.0503183
0.0885849
0.00946581
0.0487356
-0.0739369
0.0580604
-0.0577519
0.0268669
-0.0158713
-0.0295322
0.0291945
0.120642
-0.162953
0.115195
-0.0612004
0.0357481
0.0435622
-0.0241166
-0.0370194
-0.0816932
0.0734112
-0.253365
0.20204
0.187069
0.109346
0.135197
0.128016
0.0554408
-0.0106495
-0.0131906
-0.193061
0.0183085
0.0748481
-0.0883924
0.105548
-0.0289297	