-0.0689421
0.0206107
0.0160308
-0.078767
-0.143696
0.00856931
-0.0238607
-0.172206
0.108818
-0.139467
0.212603
-0.127217
-0.226671
-0.00718494
-0.0854595
0.188439
-0.220134
-0.150474
0.0191425
0.0397506
0.0879713
-0.0399196
-0.0272697
0.0532111
-0.0798328
-0.295792
-0.127962
-0.0470882
-0.0144192
-0.0561936
0.00120304
0.0374505
-0.19155
0.0129226
-0.00441997
0.0583743
-0.0443191
-0.0964627
0.171954
-0.0171116
-0.27803
0.0704179
0.0957407
0.199746
0.146865
0.0480915
-0.0336881
-0.170666
0.0739184
-0.211254
0.00273355
0.138576
0.022324
0.0213209
-0.0295993
-0.154253
0.0315208
0.0802525
-0.127076
0.0763886
0.127574
-0.0659831
0.0369903
-0.114452
0.221689
0.0839529
-0.130957
-0.18364
0.0961167
-0.190512
-0.126353
0.0644824
-0.123758
-0.220278
-0.312355
-0.0311878
0.412103
0.112455
-0.165372
0.0548917
-0.0125078
0.00135538
0.183477
0.207074
0.026413
0.0149576
-0.10649
-0.0274942
0.262157
-0.0721883
-0.0341973
0.25988
-0.0344361
0.0863524
0.0108276
0.0446653
-0.0441181
0.0374757
-0.141289
-0.00878897
-0.00891988
-0.037832
-0.0130867
0.140541
-0.129979
0.119903
-0.0253742
0.0279388
-0.000720076
-0.00396672
-0.104273
-0.0120067
0.146653
-0.25379
0.195235
0.174328
0.0819398
0.0685468
0.161004
0.0856196
-0.0189052
-0.0156237
-0.253756
0.00739957
0.0656017
-0.0667456
0.10131
0.0168881	