-0.0424103
0.0327137
0.00670281
-0.0735735
-0.0869397
-0.0213349
-0.0621587
-0.132209
0.14082
-0.169597
0.195283
-0.0319527
-0.186725
-0.0785064
-0.0647833
0.162512
-0.164692
-0.131022
-0.0476298
0.0349934
0.141037
-0.0277791
-0.000401802
0.0282475
-0.0948016
-0.291855
-0.0695854
-0.0395882
0.00664898
-0.0147868
-0.0147213
0.0476194
-0.236624
-0.0353218
0.0104114
0.0815206
-0.0224574
-0.0717377
0.209823
0.0293627
-0.296297
0.0286452
0.00923029
0.19707
0.169978
0.0266288
-0.000237389
-0.135468
0.16581
-0.204194
0.0578778
0.142056
0.0758483
0.0436395
-0.0183037
-0.137727
0.0756732
0.104702
-0.142242
0.0231892
0.149108
-0.114103
-0.0450645
-0.0895845
0.167702
0.0884387
-0.114972
-0.176014
0.13351
-0.136944
-0.0651675
0.0596182
-0.127861
-0.188427
-0.270849
-0.00410801
0.366235
0.146268
-0.183209
0.035492
-0.0193183
0.0577706
0.20977
0.175078
0.0366695
0.0536367
-0.0418577
0.00191634
0.212313
-0.0481325
-0.0528375
0.271544
-0.0143502
0.0760017
0.0196499
0.0029087
-0.0150718
0.0649324
-0.131513
0.0489162
0.0610324
-0.0316793
0.0193517
0.0901625
-0.12114
0.12035
-0.0353309
0.0992947
0.0688407
-0.0363134
-0.13153
-0.047949
0.0946163
-0.19646
0.226755
0.142668
0.0587339
0.0856786
0.187591
0.0976385
0.0368191
-0.0519909
-0.277888
-0.0304079
0.110169
-0.0192936
0.100473
-0.0165051	