-0.0683754
-0.0486947
0.0228546
-0.121454
-0.089077
-0.0534658
-0.0185009
-0.16617
0.104361
-0.146296
0.220049
-0.121616
-0.203657
-0.0571958
-0.105492
0.160787
-0.161768
-0.1062
-0.0463202
0.0244814
0.0919634
0.0311426
0.0754955
0.0454205
-0.134815
-0.335307
-0.107244
-0.0632324
-0.0814637
0.00221797
-0.00620506
0.0387414
-0.220766
0.00944528
0.0597207
0.0435781
-0.00287069
-0.074439
0.210365
0.00611617
-0.285964
-0.00737856
0.108639
0.226552
0.119519
0.0280763
-0.0324018
-0.121766
0.119895
-0.181641
0.0230433
0.0797621
0.0667172
-0.0399683
0.00620551
-0.0800055
0.0552502
0.167271
-0.149536
0.0268696
0.117033
-0.11272
-0.0651557
-0.120633
0.201515
0.0572845
-0.146497
-0.157466
0.105404
-0.145752
-0.0438495
0.0547225
-0.152052
-0.240623
-0.286666
-0.0231667
0.318467
0.133427
-0.187547
0.0299583
0.012723
0.100052
0.184227
0.164134
0.0172096
0.105361
-0.0822657
0.0113874
0.208492
-0.10944
-0.0325957
0.270242
-0.0410723
0.0403051
-0.00148398
-0.0392321
-0.066208
0.055858
-0.174207
0.0739486
0.0590029
0.0260471
0.0348859
0.108875
-0.15645
0.0692015
-0.0545883
-0.0520103
0.0332104
-0.0670749
-0.0908052
-0.0942985
0.0732082
-0.223745
0.135294
0.165718
0.103922
0.126296
0.118591
0.023569
0.017765
0.0302152
-0.251829
-0.00529814
0.153815
-0.0550222
0.128839
-0.05857	