-0.0770779
0.0221829
0.0470775
-0.123878
-0.109911
-0.0155815
-0.054255
-0.0926579
0.183585
-0.152954
0.259446
-0.0776877
-0.211815
-0.068244
-0.075141
0.215351
-0.224783
-0.102873
-0.0117409
0.0240801
0.0747159
-0.0145672
0.055125
0.0483596
-0.113498
-0.385398
-0.134893
-0.0279652
-0.00546669
-0.0688171
-0.0384357
0.0340488
-0.180493
-0.036616
0.0202352
0.0546891
0.00108479
-0.133208
0.162608
0.0128789
-0.26737
0.0205696
0.0692069
0.238886
0.152461
0.0362161
0.00998177
-0.155923
0.169627
-0.176917
0.0279546
0.0889181
0.0542822
-0.0228761
-0.00752497
-0.065178
0.0290919
0.210611
-0.171719
0.0284452
0.0940245
-0.0713773
-0.021153
-0.127986
0.171836
0.10572
-0.13442
-0.195609
0.120938
-0.114957
-0.0468809
0.0612882
-0.161751
-0.215554
-0.294704
-0.0294645
0.371093
0.0928904
-0.126248
0.0133418
-0.00878297
0.00210482
0.102309
0.199212
-0.0155063
0.0294219
-0.0871827
0.0375453
0.245463
-0.0664381
-0.0164865
0.249209
-0.0298656
0.0654354
-0.0267589
0.0378894
-0.108486
0.0781665
-0.144354
0.00495367
0.0441359
-0.00743931
-0.00314734
0.111178
-0.169086
0.11406
-0.0217039
0.00552592
0.0555936
-0.0502378
-0.0638434
-0.0581129
0.108709
-0.207531
0.130883
0.190641
0.135475
0.109486
0.105442
0.0412489
0.00904431
-0.033898
-0.234244
0.0178408
0.0971255
-0.0696576
0.116378
-0.0379941	