-0.0921775
0.0554662
0.0716559
-0.0809346
-0.0925066
-0.0589936
-0.108715
-0.216682
0.0862764
-0.173887
0.23878
-0.112222
-0.154141
-0.0895459
-0.121665
0.213521
-0.227508
-0.162813
-0.0321383
0.0322855
0.0833666
0.0311459
-0.0106377
0.0105304
-0.073937
-0.337504
-0.132953
-0.0092638
0.0243299
-0.00700458
-0.00313209
0.046456
-0.192919
0.00478966
0.0482649
0.0839633
0.0014894
-0.150731
0.146234
-0.0148887
-0.258181
0.0470479
0.0692878
0.204086
0.20638
-0.0261523
0.00801121
-0.165171
0.153402
-0.170596
-0.0376064
0.0987485
0.0816302
0.00681973
0.0291016
-0.124015
0.0157404
0.18796
-0.15339
-0.00393013
0.0795736
-0.12852
0.0200466
-0.127353
0.157649
0.0737702
-0.130236
-0.167033
0.171343
-0.117748
-0.0241839
0.0442081
-0.12395
-0.208712
-0.299801
-0.0110288
0.368762
0.11884
-0.1684
0.050973
0.0547257
0.0453262
0.1323
0.189655
0.000134036
0.0191275
-0.0915495
-0.0102383
0.227019
-0.0509742
-0.0222527
0.230349
-0.0719169
0.0371889
0.0256348
-0.0027129
-0.073681
0.0395342
-0.132545
0.038378
-0.0372549
-0.0109971
-0.00185901
0.114784
-0.0347168
0.072919
-0.0438033
0.0176366
-0.0368555
-0.0928701
-0.040296
-0.0173814
0.0958339
-0.200686
0.154539
0.131996
0.0727575
0.164484
0.133702
0.0746858
-0.012061
-0.0388396
-0.19285
-0.0270072
0.0926518
-0.046952
0.113791
-0.0352111	