-0.124377
0.0385742
0.0515202
-0.0850712
-0.132216
-0.0371286
-0.0635078
-0.105805
0.119255
-0.0869236
0.277312
-0.023206
-0.22033
-0.095575
-0.0901662
0.180073
-0.122709
-0.146269
-0.0451023
0.0586783
0.0607611
-0.0481567
0.0835532
0.00129883
-0.112812
-0.312323
-0.0838718
-0.0162545
-0.076399
-0.0276266
0.00832561
0.0814474
-0.187343
-0.0160677
0.0497973
0.0986424
-0.0485382
-0.0744376
0.218133
-0.0201894
-0.26032
0.0118284
0.0250834
0.22525
0.174588
-0.0255239
0.0459946
-0.147988
0.120906
-0.184454
0.00334623
0.168725
0.10929
-0.0108576
-0.0341716
-0.0839686
0.0536021
0.150977
-0.0777624
-0.0516837
0.0744566
-0.032078
-0.060483
-0.140886
0.176202
0.0806191
-0.153311
-0.200162
0.110614
-0.0949123
-0.0718808
0.0716925
-0.213184
-0.228949
-0.270289
-0.0178684
0.314825
0.0679007
-0.199571
0.0304058
-0.0454324
0.0524832
0.0144593
0.145077
-0.0545167
0.0773246
-0.105891
-0.0334859
0.242697
-0.117591
-0.0228308
0.241855
0.0425235
0.0736212
0.0262307
-0.0195501
0.00738767
0.0568861
-0.165323
0.0368218
0.00762118
-0.0537679
0.000312051
0.0922891
-0.14894
0.0960221
-0.0276155
0.077874
0.0292868
-0.0276551
-0.0968593
-0.120069
0.103851
-0.176397
0.14484
0.189145
0.115862
0.0755322
0.206322
0.0797676
0.00612536
0.0591005
-0.170305
0.0101246
0.0866894
-0.0329312
0.0449125
-0.00439519	