-0.0707455
0.105916
0.0200641
-0.0835538
-0.183624
0.00268086
-0.0939665
-0.0915441
0.124976
-0.152465
0.218428
-0.0237765
-0.230439
-0.0483414
-0.111917
0.212671
-0.131881
-0.183353
-0.0496609
0.0334313
0.0805465
0.0250371
0.0117958
0.0123302
-0.0720335
-0.32325
-0.0963571
0.0267054
-0.0448885
-0.0550871
-0.0220044
0.0156375
-0.188448
-0.0120776
0.0596415
0.0922112
-0.0324065
-0.0537228
0.160121
0.0280549
-0.271244
0.0659069
0.0814954
0.235006
0.17364
0.0372534
0.0246789
-0.192661
0.124963
-0.172881
0.0271126
0.189637
0.0743414
0.028306
-0.00142085
-0.11388
0.0147512
0.170325
-0.0845701
-0.00233669
0.13786
-0.026093
-0.0379942
-0.190541
0.207485
0.0373298
-0.158302
-0.218613
0.157998
-0.136319
-0.118185
0.0304075
-0.157762
-0.206471
-0.274709
0.0252797
0.345587
0.165382
-0.167482
0.0628786
-0.00537182
0.0468712
0.0395645
0.158079
-0.018335
0.053285
-0.0907775
-0.0182409
0.244641
-0.0661424
0.000965185
0.22835
0.0180068
0.100151
0.0238243
0.0098788
-0.0832202
0.03592
-0.203851
0.022217
-0.0725732
-0.0674738
-0.00886428
0.102407
-0.0789985
0.139453
-0.0473747
0.0508707
-0.0505544
0.0313212
-0.108503
-0.0705188
0.111716
-0.17055
0.214279
0.15789
0.137029
0.0966086
0.235859
0.132276
0.00791544
-0.00412751
-0.203986
-0.0580774
0.0644208
-0.0885502
0.0994786
0.0260863	