-0.0932519
0.0367681
-0.0265471
-0.0913425
-0.0992934
-0.0324983
-0.0915206
-0.144231
0.122866
-0.129856
0.222485
-0.0205022
-0.155072
-0.155362
-0.0699829
0.157044
-0.239045
-0.126165
-0.00316682
-0.0813028
0.0492209
0.00328677
0.0283758
0.0505988
-0.0719824
-0.333446
-0.122124
-0.105432
0.0585089
-0.0226527
-0.0250747
0.0329874
-0.159334
-0.0728606
0.043798
0.0692404
-0.00128805
-0.0719706
0.151151
-0.0342019
-0.155734
0.0255308
0.112358
0.260594
0.235126
0.0497021
0.0251461
-0.141111
0.159883
-0.130813
0.0317392
0.135911
0.0933023
0.0123265
0.0202842
-0.0819178
0.0268086
0.112776
-0.107696
0.016526
0.0920192
-0.0765569
-0.0760591
-0.0750046
0.209581
0.0891099
-0.111418
-0.213823
0.149484
-0.155046
-0.131809
0.00334851
-0.172657
-0.131702
-0.292392
-0.0037998
0.348498
0.0925975
-0.12391
0.102065
-0.0217981
0.031963
0.145776
0.159984
-0.0305437
-0.0487757
-0.0760961
0.0187079
0.187979
-0.0677536
-0.0399765
0.140449
-0.0353987
0.0641653
0.0418646
0.0608122
-0.0902744
0.0977519
-0.131678
0.0143874
0.111943
-0.0158946
0.0425152
0.0974105
-0.119133
0.0943932
-0.0252819
0.0489498
0.0714541
-0.0583116
-0.0844876
-0.0305128
0.117579
-0.191593
0.237262
0.16295
0.0654203
0.136875
0.147566
0.0851537
-0.00159477
-0.0280079
-0.217464
-0.0393151
0.0420147
-0.032331
0.0787909
-0.0142192	