-0.143751
0.0221253
0.0659161
-0.0444625
-0.147987
-0.000170787
-0.103492
-0.155647
0.118674
-0.127074
0.248619
-0.0939703
-0.226154
-0.0570967
-0.149622
0.222794
-0.169594
-0.128853
0.0141433
-0.00432288
0.131524
-0.0265682
-0.0018519
0.0100644
-0.169254
-0.336391
-0.0873547
-0.0544291
-0.0772467
-0.0608246
-0.0103798
0.0509935
-0.210975
0.0149478
-0.0136145
0.0851502
-0.0184473
-0.0919511
0.154991
0.00315561
-0.290954
0.0218853
0.0555344
0.175663
0.132549
0.014515
0.0084615
-0.142422
0.106241
-0.175403
-0.0420634
0.13112
0.0489652
0.00844516
-0.0366593
-0.115226
0.0373001
0.111226
-0.147427
0.0113721
0.111996
-0.14983
-0.0408993
-0.115767
0.157873
0.102592
-0.121326
-0.181311
0.122218
-0.11923
-0.0564055
0.089208
-0.120904
-0.247059
-0.324123
-0.016841
0.379386
0.0739819
-0.174751
0.010709
0.0022882
0.0557839
0.149935
0.15343
0.0414421
0.026095
-0.105093
-0.0233024
0.23705
-0.0861907
-0.0218899
0.22176
-0.0275934
0.0588172
0.00664397
0.0892414
-0.0750548
0.0697623
-0.0702323
0.0506174
0.0252758
-0.0452163
0.00291042
0.0441476
-0.10049
0.0945362
-0.0334483
0.0260032
-0.0128036
-0.0603769
-0.113216
-0.0162196
0.124957
-0.243962
0.200627
0.179032
0.0515501
0.139844
0.169199
0.0795888
-0.0500437
-0.0280699
-0.208644
-0.0492731
0.0745802
-0.0720829
0.0919109
-0.0232293	