-0.132057
0.056478
0.0239331
-0.0449519
-0.142804
-0.101856
-0.130807
-0.169441
0.0785525
-0.114443
0.226387
-0.0766516
-0.152697
-0.115956
-0.0614554
0.189337
-0.212017
-0.121083
-0.0383556
-0.0298795
0.0411223
-0.00667587
0.0831373
0.0198362
-0.117358
-0.37837
-0.0962802
-0.0722373
0.0157388
0.0319587
-0.0156674
0.0936647
-0.137261
-0.036056
0.084939
0.0725516
0.00531783
-0.0434364
0.188541
-0.0360123
-0.246282
-0.0183878
0.122717
0.237321
0.221197
0.0184327
0.0353045
-0.133827
0.17075
-0.130962
-0.0160039
0.157473
0.0861309
-0.00145116
0.0388152
-0.0497997
0.0649501
0.148374
-0.162064
-0.0129549
0.131603
-0.0506134
-0.0538609
-0.102038
0.23985
0.0994646
-0.15944
-0.162657
0.131071
-0.128124
-0.0853497
0.0180303
-0.173437
-0.19588
-0.305615
-0.067127
0.378297
0.101317
-0.170055
0.0544027
-0.00442546
-0.0133921
0.128911
0.169237
-0.0597254
0.00647204
-0.0711567
-0.0334027
0.211727
-0.0541634
-0.0168332
0.211064
0.00448011
0.0738974
0.0307
0.0279452
-0.10944
0.0302551
-0.163543
0.00214771
0.0068288
-0.0416373
0.0330694
0.0731971
-0.0992739
0.12047
-0.00588219
0.0876002
0.012313
-0.0167752
-0.0760035
-0.0792076
0.0889132
-0.164869
0.167536
0.140013
0.101144
0.129853
0.169168
0.0634636
-0.0131153
0.0174112
-0.15336
-0.0336207
0.060864
-0.0852724
0.0945586
-0.00206411	