-0.0668933
0.0353075
0.0917924
-0.0300374
-0.109477
-0.0303064
-0.0800747
-0.123825
0.0829325
-0.0856856
0.259718
-0.0572594
-0.173661
-0.0990717
-0.0117568
0.163284
-0.126429
-0.125376
-0.0719346
-0.00913892
0.0384621
-0.0640974
0.0666163
0.0556366
-0.0863067
-0.3806
-0.141502
-0.063579
0.0695402
-0.037384
-0.0452451
0.0317028
-0.169711
-0.0347855
0.0140106
0.0555936
-0.0152628
-0.0699168
0.190252
-0.0411425
-0.242733
0.0227443
0.0335799
0.195232
0.217163
0.0855498
0.0567161
-0.134943
0.102983
-0.135031
0.0784097
0.170418
0.0776028
0.0456659
-0.0285713
-0.103764
0.0765792
0.149798
-0.112206
0.0480857
0.0933779
-0.109774
0.0089835
-0.047037
0.24977
0.0939124
-0.124227
-0.167128
0.119813
-0.132605
-0.0580551
0.0193674
-0.223939
-0.150977
-0.355532
0.0293653
0.433101
0.0566245
-0.205153
0.0197804
-0.0424384
0.0272371
0.133723
0.196228
-0.0791815
-0.0775589
-0.104892
-0.00779174
0.229207
-0.0599204
-0.00824978
0.19442
-0.0192981
0.111331
0.0169939
0.0595563
-0.0615128
0.0545342
-0.0776589
0.0495758
0.0245851
-0.0250758
0.0138809
0.114972
-0.142754
0.116117
-0.016936
0.0676442
0.0704874
-0.0027418
-0.0874284
-0.121841
0.133605
-0.176433
0.206491
0.216804
0.11056
0.0813931
0.155731
0.14173
-0.00536565
0.0171286
-0.211046
0.0576885
0.0831184
-0.0840797
0.0510846
0.0267046	