-0.0745649
0.0208645
0.0562885
-0.0657757
-0.12202
-0.0714974
-0.0967663
-0.14939
0.151524
-0.116074
0.169252
-0.0818812
-0.153481
-0.0483874
-0.0606368
0.17629
-0.208189
-0.106875
-0.000917044
0.0193165
0.114647
-0.0185793
0.0641164
0.0161787
-0.102814
-0.379702
-0.127962
-0.0886723
0.00139085
-0.0362195
-0.0608606
0.078485
-0.193983
-0.0292296
0.0120672
0.0842288
0.0188284
-0.0723589
0.152548
0.0353688
-0.273263
0.0644465
0.0167546
0.182781
0.171156
0.0369482
0.0369512
-0.116933
0.146206
-0.164541
0.00673968
0.12565
0.0284643
-0.00544961
-0.0102562
-0.0993379
0.0487604
0.0793229
-0.1487
0.061742
0.155533
-0.110104
-0.0540448
-0.0774888
0.182513
0.104801
-0.106174
-0.166293
0.0817368
-0.129332
-0.0632985
0.024245
-0.173017
-0.191838
-0.266136
-0.028772
0.418221
0.0665504
-0.189218
0.0605252
-0.0432348
0.0217591
0.145423
0.190621
0.0170065
0.0943263
-0.0849677
0.00215678
0.233316
-0.0861284
-0.01348
0.254833
-0.034495
0.139836
0.00522259
0.000475039
-0.0469055
0.0253199
-0.126649
0.00207582
0.030556
-0.0501051
-0.0437863
0.0510577
-0.14891
0.119043
-0.0175222
0.0382199
0.00215367
-0.0370414
-0.0917892
-0.0344075
0.126612
-0.195697
0.192795
0.213416
0.0949034
0.119321
0.119912
0.0570578
0.00527667
0.00785948
-0.206249
-0.00900751
0.087811
-0.0302838
0.0516088
-0.00819586	