-0.0706279
0.025132
-0.00182668
-0.046603
-0.0728003
-0.0610258
-0.0634508
-0.15241
0.113072
-0.0952982
0.232181
-0.095109
-0.177281
-0.117798
-0.0698642
0.201991
-0.235463
-0.122654
-0.0506715
0.000715083
0.101453
-0.0350766
0.0358952
0.0789535
-0.0937921
-0.355821
-0.112795
-0.083832
0.0226526
-0.059017
-0.0310861
0.0621644
-0.198306
-0.029382
0.021193
0.0558469
-0.0115922
-0.121583
0.194182
0.0119205
-0.234076
0.00505973
0.0415366
0.208423
0.173907
0.00933295
0.0408589
-0.113504
0.171753
-0.146393
-0.0460783
0.165565
0.0649453
0.0351033
-0.00568771
-0.086383
0.037817
0.132209
-0.126004
0.00855381
0.100777
-0.111545
-0.0258786
-0.137114
0.182761
0.0695345
-0.121405
-0.177679
0.132003
-0.138358
-0.0714281
0.0078654
-0.145693
-0.20123
-0.277372
-0.0173549
0.342895
0.0892588
-0.1744
0.0749082
-0.02239
0.00711954
0.123085
0.195696
0.00399258
0.0771878
-0.0874358
-0.02643
0.210564
-0.0722666
0.0344253
0.237111
-0.0605932
0.0793969
0.0362426
-0.0149705
-0.0814604
0.0857256
-0.0789217
0.0759444
0.00676229
-0.0641763
0.0194385
0.0353129
-0.0728818
0.092669
-0.031892
0.0731628
0.00872825
-0.0336387
-0.110091
-0.077202
0.102444
-0.212323
0.186299
0.166052
0.0606625
0.11458
0.128557
0.147728
-0.0347931
0.0101987
-0.219565
-0.00844126
0.101081
-0.0365211
0.0287865
-0.0450106	