-0.0810156
0.0576165
0.0255316
-0.0879419
-0.193307
-0.00480191
-0.104764
-0.126507
0.0991203
-0.115231
0.215348
-0.0302714
-0.170406
-0.0596843
-0.08759
0.19415
-0.131196
-0.164143
-0.0228933
0.0164942
0.0837418
0.00582696
0.00324978
0.0505841
-0.11687
-0.314031
-0.0567481
-0.0401076
-0.0133041
-0.0727204
-0.0335805
0.0839602
-0.193719
0.0155411
0.0594526
0.11896
0.0382787
-0.0402362
0.139056
0.00678654
-0.310222
0.0513509
0.0536887
0.177494
0.136957
-0.00541664
0.0174493
-0.160531
0.127799
-0.166235
0.0247071
0.152769
0.051752
0.017022
-0.0226456
-0.142109
0.0310245
0.0890511
-0.0842813
0.000963342
0.0795471
-0.038305
-0.0296462
-0.13792
0.174346
0.079693
-0.120734
-0.20145
0.0939011
-0.128393
-0.113527
0.0610428
-0.153217
-0.17316
-0.274768
-0.0147617
0.380042
0.104472
-0.249664
0.0484714
-0.0336164
0.0205931
0.0993969
0.147392
0.00825148
0.0719098
-0.0685138
-0.0111601
0.26894
-0.0799679
0.00793695
0.247732
0.00263078
0.141889
0.0218999
0.0493405
-0.0411771
0.0424987
-0.126703
0.00532193
-0.00292229
-0.0475308
-0.0114504
0.105891
-0.1636
0.12743
-0.0100855
0.0608984
0.0156435
0.06362
-0.0847992
-0.0893022
0.125825
-0.181047
0.243115
0.196328
0.0943909
0.0873257
0.190343
0.0823896
0.0158524
-0.0260649
-0.160422
-0.027823
0.0903085
-0.108109
0.0169768
0.00355676	