-0.0274371
0.0579633
0.0709993
0.0212465
-0.0845204
-0.00790349
-0.117847
-0.149362
0.0335447
-0.0823904
0.249491
-0.0438697
-0.137869
-0.141563
-0.0652524
0.193012
-0.169684
-0.0978408
-0.0146553
0.0716033
0.0445392
0.0195281
0.0729251
-0.00397251
-0.0712054
-0.294443
-0.0992918
-0.0922001
0.0252178
-0.0441619
-0.102412
0.0503145
-0.140658
-0.0457711
0.0671688
0.0537278
-0.0261151
-0.00137248
0.182288
-0.0143556
-0.21762
0.0517905
0.0691969
0.221343
0.179182
0.0418004
0.0538991
-0.142881
0.116526
-0.141235
0.0797061
0.117374
0.148704
0.0429393
0.0137221
-0.105336
-0.00920652
0.156075
-0.0480767
0.0812465
0.118219
-0.0142674
-0.0240097
-0.0797833
0.192906
0.0392136
-0.109149
-0.192199
0.114671
-0.0802783
-0.118354
0.0521088
-0.143544
-0.164933
-0.264015
-0.0266951
0.330354
0.0625782
-0.253274
0.0322738
-0.0349746
-0.000837135
0.0972875
0.136646
0.00743378
0.0314905
-0.0795514
-0.0812503
0.205041
-0.100174
0.0384334
0.202767
-0.00438008
0.0600165
0.0384889
-0.00627346
-0.0257223
0.0643464
-0.148721
-0.0304242
-0.0107937
-0.0721225
0.00150197
0.090851
-0.146977
0.141497
-0.0158905
0.0848099
0.0896801
0.0163562
-0.0881744
-0.0735719
0.144414
-0.201671
0.180193
0.146632
0.0725522
0.0716907
0.147229
0.167178
-0.0153989
0.0151961
-0.212398
-0.0325855
0.0960906
-0.0661444
0.0124342
0.0152684	