-0.101056
0.0842532
0.0293278
-0.0462258
-0.133871
0.0366298
-0.0875792
-0.140203
0.0959674
-0.152619
0.172764
-0.0702898
-0.204961
-0.078627
-0.0450592
0.205322
-0.193473
-0.187844
-0.0213699
-0.012961
0.0209239
-0.0270642
0.0289663
0.0345353
-0.141534
-0.381412
-0.103096
-0.100961
0.00142297
-0.0321241
-0.00124541
0.0594154
-0.110462
0.0587885
0.0326399
0.114224
-0.00298724
-0.110569
0.181924
-0.0127108
-0.290459
-0.0125311
0.0682178
0.234053
0.250258
-0.0125266
0.0301849
-0.0657145
0.148279
-0.142185
-0.000489848
0.110345
0.0445004
0.0394746
-0.031755
-0.116224
0.0561227
0.111136
-0.140469
-0.0356592
0.102056
-0.152567
-0.000257757
-0.0110746
0.193607
0.0890333
-0.107876
-0.230376
0.159532
-0.202703
-0.0615771
0.032124
-0.192013
-0.159252
-0.296436
0.0064521
0.383893
0.115855
-0.0934615
0.0372801
0.0429221
0.0147834
0.117848
0.21844
-0.0271853
-0.0440676
-0.097146
-0.012751
0.265109
-0.0610853
-0.0467769
0.182857
-0.0386623
0.0553783
0.026412
0.0203581
-0.0626436
0.0857272
-0.103988
0.0370405
-0.00967544
-0.0442061
0.0171285
0.111166
-0.115632
0.105097
-0.0424192
0.0584755
0.00300885
-0.0163409
-0.124758
-0.054451
0.160668
-0.169015
0.152789
0.20983
0.136333
0.103583
0.200626
0.066736
0.0367193
-0.00131226
-0.237485
0.000680378
0.0704483
-0.0639199
0.0590536
0.0100918	