-0.0929992
-0.000897408
0.0562355
-0.0711765
-0.0607329
-0.00360417
-0.0570487
-0.130572
0.17988
-0.177923
0.265873
-0.0834735
-0.209872
-0.0920173
-0.0506761
0.193381
-0.172896
-0.11242
-0.0339154
-0.0150827
0.0799946
-0.0116033
-0.0149586
0.0517898
-0.114522
-0.321864
-0.125261
-0.0759939
-0.0293461
-0.0698239
-0.0394839
0.105741
-0.140129
-0.024921
-0.00644702
0.137961
0.0584018
-0.0718552
0.148364
-0.06072
-0.250854
0.00773783
0.0698795
0.178837
0.14889
0.00540246
-0.0197925
-0.148476
0.119712
-0.179234
-0.0462516
0.110395
-0.0180484
0.0384079
-0.00328456
-0.142937
0.0543896
0.0864649
-0.158927
-0.0478508
0.0610922
-0.153204
-0.0309548
-0.0665009
0.155048
0.107543
-0.0786821
-0.218982
0.12889
-0.192687
-0.0642755
0.0741335
-0.159999
-0.171143
-0.366721
-0.0270681
0.363521
0.0908277
-0.143716
0.115429
-0.00544399
0.00630993
0.163696
0.151131
0.0179352
0.0669253
-0.105592
0.0183342
0.213034
-0.0454631
0.0206948
0.194503
-0.0208776
0.0849167
0.066834
0.0593523
-0.0363776
0.0222588
-0.173715
0.0515467
0.0325765
-0.012004
0.00995868
0.0761894
-0.147011
0.0846669
-0.0179032
-0.0170434
0.000971824
-0.041682
-0.0772186
-0.0266492
0.17043
-0.224101
0.117206
0.176891
0.0733946
0.141759
0.136574
0.114966
-0.0742572
-0.0374664
-0.23374
0.0125494
0.0708531
-0.0372088
0.0684945
-0.0124663	