-0.145812
0.0522926
0.0209945
-0.037103
-0.134592
-0.0424887
-0.0551911
-0.170613
0.0851788
-0.135576
0.242149
-0.0851261
-0.182816
-0.120379
-0.120412
0.172669
-0.20522
-0.128034
0.011511
-0.012779
0.11324
-0.0181493
0.0357197
0.0558968
-0.0479057
-0.339125
-0.107337
-0.0986883
0.0623989
-0.00997273
0.0183907
0.0104451
-0.193269
-0.0179197
0.00931152
0.00303295
0.000522682
-0.017284
0.223052
-0.0447205
-0.205566
0.0546464
0.0768115
0.233496
0.180595
0.0894038
0.00933636
-0.143688
0.142989
-0.116722
-0.00380757
0.150464
0.16903
-0.0419522
0.0140483
-0.111977
0.0156031
0.0546507
-0.14398
0.0381679
0.1038
-0.0475485
-0.0385464
-0.121675
0.222681
-0.0112342
-0.140533
-0.166005
0.183576
-0.171097
-0.0663079
0.049664
-0.141482
-0.182496
-0.28697
-0.0130672
0.375286
0.120062
-0.172576
0.0742573
-0.0283796
0.0314384
0.111042
0.154969
-0.0227828
-0.0319992
-0.0769738
-0.0633927
0.15739
-0.0793066
-0.0335154
0.203971
0.00701864
0.0684618
-0.00609897
-0.0268488
-0.0705455
0.0567461
-0.0979751
0.0603646
-0.0489853
-0.0305816
0.0271398
0.0560758
-0.122081
0.107011
-0.0470947
0.0415562
-0.0317948
0.014159
-0.153433
-0.0321933
0.0941539
-0.254732
0.216781
0.160322
0.0703783
0.12957
0.163092
0.0935251
0.00530909
0.0237221
-0.206995
-0.0837539
0.0905083
-0.127283
0.107259
0.0035208	