-0.0755682
0.00533101
0.0609223
-0.0301887
-0.0987955
0.00399565
-0.0624477
-0.148559
0.0783797
-0.172232
0.266596
-0.0614099
-0.15298
-0.0834974
-0.053294
0.196956
-0.162299
-0.0944063
-0.0813382
-0.00697354
0.0614533
-0.00509474
0.0202599
0.0276282
-0.0662844
-0.344137
-0.138539
-0.0165764
-0.00672309
-0.0531323
-0.0397186
0.1019
-0.12317
-0.00836036
0.0147673
0.105215
0.00777505
-0.118145
0.169702
-0.0113244
-0.241786
0.0875062
0.094669
0.226329
0.217971
-0.0131423
0.0296231
-0.111031
0.176834
-0.188457
0.018028
0.117001
0.098904
0.0319918
0.0097503
-0.0802832
0.0479634
0.115915
-0.0896009
-0.0119538
0.120313
-0.099823
-0.00700689
-0.0704109
0.107373
0.123625
-0.0847936
-0.205076
0.102493
-0.149891
-0.0859144
0.0187563
-0.20432
-0.193958
-0.292384
0.0207065
0.359003
0.122486
-0.156028
0.071011
0.0248764
0.026701
0.143851
0.189306
0.00131804
0.00170981
-0.0977407
0.0339159
0.229689
-0.0563779
-0.0114231
0.249672
0.00480873
0.0423067
0.0500417
0.0391087
-0.0305249
0.0674552
-0.149405
0.0529849
0.0315048
-0.0294094
0.0188813
0.0627772
-0.141179
0.14562
-0.0722353
0.0805326
0.0507504
-0.0745079
-0.0838332
0.0139514
0.119591
-0.166078
0.102104
0.161691
0.0704889
0.108815
0.17821
0.121826
0.0103935
-0.0170524
-0.230247
-0.00671972
0.0755646
-0.0252351
0.0333576
0.00455056	