-0.0679496
0.115536
-0.0235508
-0.0800868
-0.115316
-0.0338175
-0.073493
-0.148258
0.0952157
-0.0669268
0.200369
-0.0254088
-0.197611
-0.110903
-0.0599585
0.158049
-0.16215
-0.174692
-0.0190862
-0.0366776
0.150388
0.0286507
-0.006268
0.0773044
-0.161009
-0.298128
-0.0667714
-0.0343133
0.0482775
-0.0366481
0.00757012
0.0594476
-0.282939
-0.0497894
0.0503529
0.110125
0.0253544
-0.107908
0.20581
-0.00840276
-0.269156
0.0536454
0.0223059
0.221438
0.151737
-0.0369798
0.0453338
-0.136929
0.147529
-0.0803319
0.024468
0.20879
0.0677585
0.0423609
-0.049904
-0.151406
0.0606661
0.125024
-0.154608
-0.0337113
0.0669635
-0.0792391
0.0297658
-0.126926
0.122252
-0.00212454
-0.0766598
-0.230403
0.130159
-0.142915
-0.0676467
0.0948896
-0.162888
-0.179266
-0.321745
0.0197767
0.314884
0.127827
-0.216834
0.0921491
-0.00112276
0.0161859
0.155325
0.143326
0.0236956
0.0901814
-0.0974089
0.0432774
0.275721
-0.031079
-0.069349
0.255514
-0.00887051
0.0689474
0.0695035
0.0689133
-0.0727696
0.0685478
-0.0818239
0.0619314
0.0602538
-0.0550022
-0.00237491
0.150913
-0.12043
0.120255
-0.0323622
0.0876536
-0.0549993
-0.016037
-0.121705
-0.0689796
0.128275
-0.18646
0.264612
0.163868
0.0112213
0.0993753
0.167806
0.0815064
-0.0146049
-0.0622269
-0.21996
-0.058505
0.122352
-0.0624557
0.131898
-0.00440696	