-0.0842085
0.0374228
-0.0155928
-0.0615683
-0.129659
-0.00218
-0.0893876
-0.123248
0.151332
-0.149272
0.187527
-0.0685211
-0.184693
-0.0245513
-0.0940429
0.189475
-0.172887
-0.16473
-0.0291352
-0.0277702
0.020253
-0.0363764
-0.00632767
0.0617056
-0.112292
-0.372327
-0.11721
-0.06228
-0.0369351
-0.0798354
-0.0209221
0.105909
-0.119412
0.0422714
0.0185852
0.0801192
0.00902762
-0.0487532
0.229851
-0.0236451
-0.298451
0.0102198
0.105684
0.236297
0.202205
0.0255547
-0.00258712
-0.103494
0.160843
-0.147003
0.0239127
0.188061
0.0729516
0.0431516
-0.0500728
-0.0992353
0.0338416
0.0849013
-0.091758
-0.0395821
0.124219
-0.117464
0.000564725
-0.0330605
0.216166
0.10165
-0.115063
-0.182401
0.16642
-0.190014
-0.0755861
-0.0193296
-0.162645
-0.199223
-0.271232
0.00643276
0.372324
0.113847
-0.126734
0.101569
-0.0325523
-0.0251818
0.110774
0.188174
-0.0542236
-0.00435141
-0.0943901
0.0049252
0.277743
-0.0513355
0.0168263
0.193956
-2.4911e-05
0.0991109
0.0257279
0.0638539
-0.0873686
0.0823946
-0.123581
0.0700313
0.0055969
-0.0127948
0.0261673
0.117437
-0.144886
0.165427
-0.0169771
0.0605844
0.01931
0.0545289
-0.0685992
-0.111851
0.126017
-0.158749
0.146411
0.136892
0.102697
0.134861
0.181186
0.127252
0.0222967
-0.0241849
-0.250872
0.00375977
0.0722821
-0.044422
0.045263
0.0539375	