-0.131365
0.123289
0.0392246
-0.146512
-0.141039
-0.018712
-0.0630963
-0.144957
0.164625
-0.182348
0.254978
-0.0893047
-0.224432
-0.0494692
-0.0817937
0.195261
-0.173437
-0.160005
-0.00108452
0.0411298
0.0928844
-0.0163468
0.0182208
0.0396457
-0.161787
-0.381735
-0.128149
-0.0099542
-0.0778997
-0.0866317
0.0380926
0.0563125
-0.215369
0.0196452
-0.00858447
0.0613292
-0.0253939
-0.0959332
0.205139
0.0672221
-0.266908
0.0402175
0.0329914
0.267901
0.145836
-0.0203511
0.0364302
-0.113632
0.147071
-0.201434
-0.0468827
0.153715
0.0656544
-0.0337144
-0.00966423
-0.0563125
0.042937
0.125186
-0.153433
-0.00322818
0.152389
-0.0690753
-0.0825155
-0.117417
0.183297
0.106714
-0.157355
-0.161452
0.137776
-0.0915928
-0.0490896
0.0501799
-0.175051
-0.236035
-0.218526
0.0152927
0.383078
0.112324
-0.150236
0.0235461
-0.0234337
0.0477998
0.086284
0.162859
-0.00263691
0.00651347
-0.0682861
0.0723459
0.243413
-0.0644814
-0.0147398
0.252597
-0.00454117
0.0932132
-0.0391565
-0.00905986
-0.076741
0.0747244
-0.096437
0.0922848
0.00133964
-0.0182375
-0.0259877
0.118888
-0.13575
0.160615
-0.0169397
0.0188592
-0.00943658
0.00314867
-0.0906517
-0.0413575
0.0640164
-0.215305
0.158786
0.175518
0.0310497
0.0818875
0.152683
0.0403894
0.0446346
0.0207719
-0.229873
-0.0610444
0.0875692
-0.0740011
0.0733355
-0.0679216	