-0.155312
0.020213
0.0329231
-0.083223
-0.116824
-0.102129
-0.106473
-0.176198
0.107708
-0.156931
0.199444
-0.0924102
-0.166897
-0.0884598
-0.0806517
0.213581
-0.24115
-0.100106
-0.00665139
-0.019435
0.0989167
-0.000821724
0.0512975
0.0242308
-0.107351
-0.344884
-0.110008
-0.0538042
-0.0436569
0.0469486
-0.00417858
0.0713252
-0.188365
-0.0239386
0.0739781
0.0850186
0.0215553
-0.0849255
0.154167
-0.0258707
-0.243476
0.0136763
0.0948904
0.209499
0.180013
-0.0029282
0.00412733
-0.148599
0.178011
-0.168763
-0.0456907
0.129264
0.0341635
-0.00566043
0.0213726
-0.0615612
0.0763608
0.190234
-0.153488
-0.00289404
0.134805
-0.109232
-0.0493915
-0.123219
0.240969
0.100354
-0.177085
-0.153728
0.123895
-0.0861792
-0.0479475
0.0309563
-0.178445
-0.223201
-0.278825
-0.00935557
0.363526
0.0971935
-0.169577
0.0384953
-0.0114717
0.0574491
0.151124
0.202755
0.0108766
0.0138385
-0.0487753
-0.0162808
0.220493
-0.0611522
-0.0179881
0.248637
-0.023847
0.044016
-0.00131288
0.00256422
-0.086209
0.0092879
-0.154712
0.0181361
0.0233848
-0.0466285
-0.00202373
0.0938524
-0.115356
0.0794632
-0.0428093
0.0310284
-0.000261773
-0.0790502
-0.0534648
-0.0303227
0.065603
-0.190047
0.202916
0.158093
0.101145
0.155963
0.110822
0.0604553
-0.0184724
0.00548834
-0.165656
-0.0325603
0.111598
-0.0492901
0.0998005
-0.0596043	