-0.118023
0.0257944
0.0121322
-0.0996716
-0.134794
-0.0221956
-0.0887574
-0.121475
0.102312
-0.144049
0.158299
-0.0775142
-0.158471
-0.0462067
-0.106274
0.179808
-0.167655
-0.172824
-0.0375361
-0.0374857
0.0582204
0.00722575
-0.0380806
0.000511755
-0.0970457
-0.296805
-0.103582
-0.0389508
0.0559957
-0.0476533
-0.0325896
0.00189332
-0.194815
0.00729311
0.014544
0.0970013
-0.0214035
-0.0922712
0.158409
0.0283542
-0.235857
0.017549
0.0593081
0.238618
0.210942
0.0388804
0.024462
-0.133787
0.136114
-0.129175
-0.0220862
0.165052
0.0170434
0.0611413
-0.0285603
-0.0963835
0.0614085
0.102486
-0.119508
0.0164389
0.137626
-0.0547731
-0.053014
-0.113465
0.247267
0.0496162
-0.144417
-0.220554
0.165796
-0.168726
-0.104756
0.00877848
-0.145078
-0.132918
-0.276326
0.000358891
0.397215
0.0956434
-0.124885
0.105795
-0.0201031
0.0122853
0.141875
0.169479
-0.0274095
0.0529181
-0.0555423
-0.0230031
0.251504
-0.0359425
-0.0207347
0.138717
-0.0278362
0.0544999
0.0342011
0.0611011
-0.0831646
0.0547668
-0.0727793
0.019843
0.0508494
-0.0929398
0.0274769
0.123208
-0.0918395
0.196335
-0.0313667
0.0898484
-0.00137182
0.00378364
-0.0850908
-0.0218516
0.12267
-0.20489
0.218526
0.173524
0.0811348
0.0923061
0.18219
0.125401
-0.0255348
0.06581
-0.222157
-0.0677603
0.00575561
-0.0537236
0.111016
0.045596	