-0.0845504
0.0354876
0.0231983
-0.0550555
-0.127306
-0.0205206
-0.0994325
-0.186858
0.106681
-0.146842
0.194085
-0.0768085
-0.197665
-0.0927771
-0.0989002
0.178779
-0.20683
-0.158936
-0.0173256
0.0139847
0.0666876
-0.0683973
0.0224285
0.0451432
-0.10631
-0.361283
-0.088149
-0.0365844
-0.0145018
-0.00923683
-0.0228088
0.0980708
-0.194137
0.00263191
0.00255517
0.0535234
-0.0229617
-0.0326893
0.171264
0.0187116
-0.27679
0.0292274
0.0622498
0.203985
0.188253
0.0468189
0.0293671
-0.119727
0.143386
-0.147052
-0.00863088
0.174812
0.079495
0.0423826
-0.0238381
-0.126423
0.0277608
0.124688
-0.0825442
0.0637368
0.100939
-0.12773
-0.0268568
-0.0744755
0.226743
0.0998472
-0.142341
-0.192703
0.129986
-0.116548
-0.1156
0.0240959
-0.158196
-0.168933
-0.310667
-0.00691772
0.385193
0.0648417
-0.170139
0.0327045
-0.026239
0.0339958
0.134024
0.208491
-0.038015
-0.00435499
-0.0558128
-0.0604209
0.214541
-0.0354736
-0.0531615
0.216618
-0.0354679
0.0976297
0.0103652
0.0356252
-0.0728949
0.0784655
-0.104876
0.0131702
0.0270333
-0.0629057
0.0220282
0.0800953
-0.107068
0.115369
-0.0220512
0.115214
0.0612474
0.0417621
-0.113057
-0.0694286
0.0814215
-0.242211
0.248601
0.184355
0.111786
0.0957694
0.191657
0.0961693
0.0145803
0.0287038
-0.167591
-0.0379679
0.0929971
-0.0496577
0.0611547
0.0025793	