-0.110384
0.0569163
0.0539781
-0.0988491
-0.0890603
-0.0282282
-0.0429392
-0.135926
0.140209
-0.162415
0.27451
-0.0759525
-0.196439
-0.0651463
-0.0870852
0.201762
-0.20747
-0.115667
-0.0323901
0.0666905
0.125441
-0.0374553
-0.0117057
0.0421917
-0.0770536
-0.323657
-0.148736
-0.0251235
-0.0310997
-0.0810124
-0.0541112
0.0968565
-0.166261
-0.0357961
-0.0229006
0.0702292
-0.00298601
-0.106419
0.145734
0.000486922
-0.243529
0.0355162
0.0462944
0.241125
0.189992
-0.0402247
0.00107834
-0.122823
0.112616
-0.233216
-0.0173282
0.103478
0.111062
0.0449518
0.0116856
-0.127824
0.0203618
0.102282
-0.075137
0.016276
0.0742051
-0.105244
-0.00919041
-0.106069
0.186377
0.108915
-0.143255
-0.1461
0.146192
-0.0463897
-0.0407228
0.0419148
-0.182294
-0.219468
-0.231534
0.0202378
0.363159
0.0700309
-0.22936
0.0341339
-0.0746737
0.0167872
0.117529
0.167014
0.0441361
0.0129716
-0.114963
0.0365638
0.230216
-0.121525
0.00170761
0.26107
-0.0174729
0.0719584
0.0227809
0.0385769
-0.0252213
0.0816827
-0.162481
0.0645257
0.0362809
-0.0567304
-0.0680364
0.100511
-0.0891515
0.0908865
0.0277825
0.050581
0.0202946
-0.0761561
-0.106947
-0.0369067
0.109204
-0.203143
0.172062
0.162308
0.0376274
0.103475
0.126551
0.0900863
0.02881
-0.052024
-0.206405
0.0176036
0.13216
-0.0180306
-0.0076807
-0.0333032	