-0.0652607
0.061398
-0.00561485
-0.137712
-0.166875
-0.0320895
-0.0817096
-0.146502
0.131315
-0.129766
0.247945
-0.0772212
-0.184707
-0.0758596
-0.0709673
0.180491
-0.15089
-0.170617
-0.0778802
0.0228472
0.0440726
-0.0244584
0.0617356
0.05992
-0.0749131
-0.359819
-0.0849318
-0.0296126
0.0477118
-0.0503646
-0.0251012
0.0289755
-0.247219
-0.0490683
0.0392483
0.0810525
-0.0307015
-0.0732426
0.189991
0.00576355
-0.253828
0.0567016
0.0266041
0.220742
0.165285
0.03484
0.0597684
-0.163852
0.140316
-0.144341
0.0554164
0.126241
0.0919331
-0.011533
0.00332992
-0.126515
0.0350365
0.164027
-0.08724
0.0338613
0.12056
-0.00943416
-0.0317178
-0.160621
0.248728
0.0242059
-0.131391
-0.208817
0.115275
-0.0869251
-0.0692454
0.0602428
-0.175596
-0.16561
-0.29619
0.0198057
0.363292
0.10699
-0.189736
0.0407494
-0.0404248
0.0365058
0.0536405
0.127188
-0.0427318
0.055244
-0.107041
0.0008547
0.237265
-0.0797794
-0.0261554
0.240236
-0.021941
0.107238
-0.0131332
-0.00369838
-0.109892
0.0593972
-0.133691
0.0122907
0.0274102
-0.00958709
0.00110666
0.121263
-0.132427
0.12346
-0.0658492
0.0662434
0.00169687
0.0226427
-0.0989064
-0.105403
0.102636
-0.199228
0.195203
0.187465
0.158601
0.0747745
0.193309
0.0456296
0.0308927
0.0583627
-0.219638
-0.010331
0.103274
-0.0725629
0.0892296
0.0303101	