-0.0619336
0.0177712
0.0407083
-0.0692445
-0.116134
-0.0730828
-0.106677
-0.178344
0.0625573
-0.0819333
0.268232
-0.0816731
-0.19126
-0.130721
-0.0443592
0.191803
-0.203332
-0.147597
-0.00294214
0.00260255
0.0981533
0.011267
0.089132
0.0894386
-0.133546
-0.338671
-0.092255
-0.0837393
0.0493756
0.0202808
-0.0340149
0.0831681
-0.215283
-0.0764261
0.0779427
0.0751347
0.0435966
-0.0544713
0.229637
0.0173412
-0.253691
0.0592505
0.0689114
0.242187
0.165794
0.0919484
0.0708101
-0.123912
0.128322
-0.144124
0.122543
0.13482
0.130808
-0.0674076
0.00792085
-0.170854
0.0244196
0.105592
-0.157952
0.0254655
0.154607
-0.0176728
0.0123278
-0.131696
0.20058
0.0169298
-0.105485
-0.164332
0.13681
-0.0784475
-0.0889846
0.0557088
-0.208773
-0.138885
-0.359514
-0.014944
0.398028
0.0777256
-0.205329
0.0632897
-0.0100157
0.0335213
0.108854
0.111688
-0.00292227
0.0274808
-0.114508
-0.0240775
0.179023
-0.0548548
-0.0443669
0.215338
-0.00359758
0.0494245
0.0545193
0.0232371
-0.103611
0.0516521
-0.151207
0.00768885
-0.00271177
0.0221598
0.0342117
0.117695
-0.158395
0.102634
-0.0531337
0.0110502
-0.013947
0.0234525
-0.146077
-0.0906484
0.0990157
-0.197669
0.143097
0.155771
0.111235
0.106467
0.163274
0.0892243
-0.0180744
0.0361852
-0.231476
-0.064564
0.126709
-0.0745915
0.153756
0.0523341	