-0.0975412
0.144419
0.0977276
-0.0185914
-0.0883772
-0.015953
-0.0869693
-0.0967432
0.0820981
-0.084141
0.297646
-0.0136828
-0.16648
-0.135375
-0.0665643
0.158384
-0.168639
-0.124214
-0.0165104
0.0661184
0.171774
-0.00609341
0.0305899
-0.0144961
-0.144534
-0.322452
-0.0413163
-0.0389677
-0.0211357
-0.0210559
-0.0361966
0.0224918
-0.213715
-0.0456687
0.00480419
0.0815289
-0.0436335
-0.0349753
0.157636
-0.00487331
-0.252991
0.0689348
0.00635381
0.251793
0.186827
0.00812465
0.0298944
-0.114124
0.128659
-0.210955
0.0501989
0.1685
0.0810689
0.0648056
0.00265465
-0.0863109
0.0250434
0.0837491
-0.0927049
0.0292135
0.0922997
-0.0660446
-0.0147008
-0.132446
0.124892
0.0575601
-0.100572
-0.211883
0.0864983
-0.0786888
-0.112273
0.100472
-0.163619
-0.198567
-0.296543
0.0408867
0.351174
0.103433
-0.219146
-0.00067527
-0.0311793
0.0205192
0.103454
0.116991
0.0433266
0.051639
-0.128117
0.00992903
0.239922
-0.109914
-0.0553217
0.273835
0.0127535
0.0581943
0.0283559
0.0422561
-0.0298346
0.0998562
-0.159371
0.0149714
0.0667357
-0.0637043
-0.0288229
0.0990419
-0.116868
0.118482
-0.021737
0.112674
0.040346
-0.0216777
-0.15578
-0.0631343
0.101671
-0.152961
0.239012
0.172792
0.105916
0.0622157
0.193866
0.0605136
0.00957687
-0.00974463
-0.18504
-0.0554372
0.0754846
-0.00639446
0.039679
0.000759718	