-0.0928851
0.0358618
0.0334339
-0.0516734
-0.0596806
-0.0568463
-0.022307
-0.185808
0.0735652
-0.0792703
0.240205
-0.0599339
-0.171525
-0.115355
-0.0682633
0.139101
-0.177765
-0.104739
0.00184923
-0.0061277
0.139095
-0.025809
0.0085332
0.0553222
-0.0845956
-0.261268
-0.142206
-0.0712872
0.0255892
0.00407922
0.0156409
0.0264776
-0.196381
-0.0696849
0.0663975
0.0380879
-0.0120267
-0.0839093
0.167205
-0.017081
-0.160937
0.0489492
0.0729196
0.254012
0.148286
0.06122
0.00524694
-0.156133
0.133847
-0.141755
0.0557291
0.137653
0.119447
0.0244967
0.0144376
-0.113694
0.0883622
0.0988383
-0.193218
0.0667701
0.101742
-0.0666332
-0.0281417
-0.0842805
0.175503
0.0728292
-0.111218
-0.190587
0.16202
-0.121675
-0.0840305
0.0243105
-0.175489
-0.201832
-0.26935
0.0277213
0.352528
0.126302
-0.209495
0.0721686
-0.0354067
0.054208
0.161187
0.145964
0.010144
-0.000325701
-0.0727899
-0.0277824
0.181153
-0.0781223
-0.0546823
0.262412
-0.0133828
0.00536543
0.0519975
-0.0170676
-0.0487633
0.0761186
-0.148704
-0.000973343
0.0460378
-0.0318205
0.0370313
0.114216
-0.152981
0.0930057
-0.0175859
0.0350576
0.0181595
-0.0612996
-0.156967
-0.0504054
0.0996221
-0.234446
0.234145
0.154981
0.088301
0.091343
0.132316
0.0837127
0.0485662
-0.0192507
-0.188566
-0.0237264
0.110137
-0.0404708
0.0550948
-0.0172459	