-0.179766
0.154877
0.0672667
0.0188406
-0.174755
-0.0151022
-0.122419
-0.120346
0.150695
-0.0658631
0.216105
-0.0409449
-0.191528
-0.133109
-0.0775693
0.195579
-0.148733
-0.133293
0.0325717
-0.0278051
0.095845
-0.0009112
0.0727651
0.0295796
-0.0898901
-0.409089
-0.0524258
-0.12727
0.00968311
-0.0813285
-0.0526989
0.0811842
-0.193461
-0.115808
0.0290904
0.135131
-0.00527183
0.0245445
0.183351
-0.0523931
-0.23906
0.0443416
0.07738
0.276755
0.156097
0.0263366
0.0290756
-0.118609
0.137749
-0.0993157
0.0437683
0.177291
0.129559
0.0485512
0.0151373
-0.100462
0.0469773
0.0975502
-0.129562
0.038197
0.130954
-0.0849217
-0.0257031
-0.0310459
0.223509
0.061812
-0.0509719
-0.199603
0.0813194
-0.0874949
-0.0847034
0.0687333
-0.182575
-0.178388
-0.289643
0.0336989
0.346698
0.073955
-0.2187
0.0636715
-0.0296177
-0.00540822
0.105432
0.153854
-0.00456049
0.0332031
-0.0966513
-0.00398461
0.192805
-0.0794791
-0.0212583
0.201414
0.0372622
0.0896131
0.0431734
0.02979
-0.086323
0.0538186
-0.186726
-0.0523624
0.03666
-0.041616
-0.00903485
0.0301166
-0.178647
0.0807484
0.00598358
0.0682083
-0.0200687
-0.00158839
-0.109499
-0.0526415
0.146001
-0.180575
0.300826
0.175877
0.062343
0.144929
0.183521
0.0562034
0.0305475
-0.0276978
-0.105324
-0.0367685
0.127898
-0.0480174
0.0663914
0.0125416	