-0.0405278
0.0298116
0.0226488
-0.0799846
-0.157184
-0.00561096
-0.0813436
-0.145581
0.142805
-0.115148
0.233867
-0.0813827
-0.246961
-0.0620089
-0.06319
0.190501
-0.152298
-0.144101
-0.0262848
-0.00202992
0.0243369
-0.0239445
0.0251146
0.0955179
-0.0383861
-0.363403
-0.10926
-0.0638698
-0.0402507
-0.0606831
-0.0847586
0.0781215
-0.127711
-0.0293923
0.0637048
0.106107
-0.0310534
-0.141116
0.132189
-0.058255
-0.230708
0.0186274
0.0950376
0.160415
0.245331
0.0570525
0.0183378
-0.158895
0.135107
-0.1425
-0.0161789
0.130765
0.1006
0.0127397
-0.0521735
-0.209099
0.0111947
0.119403
-0.168508
-0.048439
0.0518464
-0.0983146
-0.0089261
-0.0648679
0.271523
0.133692
-0.156486
-0.184546
0.166274
-0.209657
-0.0582999
-0.0215396
-0.195092
-0.218862
-0.24614
0.0104041
0.338571
0.0911725
-0.178024
0.0695265
-0.0255866
0.0616582
0.0513246
0.177795
-0.057016
-0.00876927
-0.117804
-0.0820693
0.227708
-0.0876834
0.00289561
0.236362
-0.0277111
0.080753
0.0880605
0.0241736
-0.0743062
0.0693514
-0.173541
0.0282989
-0.0523476
-0.0795382
0.0219704
0.0708102
-0.132333
0.0602792
-0.0467821
0.0294584
-0.000192792
-0.0497947
-0.107786
-0.120233
0.161811
-0.239907
0.170586
0.162689
0.16085
0.199416
0.169686
0.146236
0.0401946
-0.0332576
-0.175117
0.0237936
0.102656
-0.0474836
0.0647395
0.0249936	