-0.108307
0.0783873
0.0736185
-0.0809684
-0.128552
-0.028309
-0.0672851
-0.165574
0.112342
-0.138865
0.229973
-0.0687718
-0.182616
-0.079348
-0.0745305
0.176891
-0.192221
-0.164708
-0.0488658
0.00479537
0.0763525
-0.041924
-0.00414193
0.0184175
-0.116859
-0.375258
-0.104946
-0.0415017
0.0024888
-0.0493545
-0.0481537
0.0311549
-0.24947
-0.0478078
-0.0114451
0.0514851
-0.0576639
-0.0809148
0.146026
-0.0253269
-0.232415
0.0298202
0.0861864
0.193057
0.173168
0.0131917
0.0368728
-0.113372
0.105814
-0.170305
-0.0125325
0.172128
0.0857435
0.0683132
0.000286174
-0.104387
0.0381665
0.139252
-0.0881108
0.074541
0.116497
-0.108811
-0.0317349
-0.0895099
0.203373
0.0529118
-0.114152
-0.14803
0.117081
-0.106393
-0.0544042
-0.020114
-0.151459
-0.227387
-0.279138
0.0221725
0.324983
0.135632
-0.183325
0.0700435
-0.0534832
0.0426884
0.115731
0.158068
-0.010911
0.0455203
-0.0831813
0.0295338
0.210817
-0.063811
0.0371899
0.272122
-0.0311955
0.0697234
0.00399787
0.00337231
-0.0878606
0.0540315
-0.108475
0.054109
0.0245402
-0.049885
0.00891683
0.0930306
-0.105425
0.0849351
-0.0255784
0.0886529
0.0215345
-0.0197251
-0.0827427
-0.115153
0.0812215
-0.191258
0.199049
0.212543
0.0386871
0.117033
0.176159
0.0797478
0.0268361
0.00140989
-0.194343
0.00520571
0.098978
-0.0544367
0.0317399
0.00345465	