-0.0803573
0.0417572
0.0600286
-0.0299641
-0.143566
0.0166712
-0.0777945
-0.0948127
0.0893165
-0.0922986
0.227331
-0.0684283
-0.223525
-0.0545963
-0.114297
0.195751
-0.113124
-0.144956
-0.0285694
0.0184782
0.0425946
0.00594272
0.0490708
0.0148478
-0.0840112
-0.36683
-0.0825007
-0.0660134
-0.0392693
-0.0403555
-0.0564053
0.0974816
-0.138305
-0.00838504
0.0500477
0.0860894
0.0310941
-0.0731336
0.200756
-0.00750431
-0.276246
0.00340298
0.0521374
0.225278
0.160454
0.0371838
0.0367473
-0.129536
0.109546
-0.165159
0.0507641
0.157739
0.0919298
0.022518
-0.048484
-0.14175
0.0498947
0.0797459
-0.0655612
-0.0469757
0.0881172
-0.0440617
0.00404875
-0.0963217
0.200652
0.0466471
-0.112548
-0.170901
0.132004
-0.120192
-0.070551
0.0177803
-0.195996
-0.17763
-0.284801
0.0107708
0.3513
0.101187
-0.172761
0.0599036
-0.0470447
0.0283975
0.0498196
0.165987
-0.0507001
0.0618575
-0.0905505
-0.0173081
0.23106
-0.0911926
-0.00777168
0.233253
-0.00841593
0.100467
0.038582
0.0550225
-0.0269973
0.0914644
-0.101832
0.0604177
0.0615353
-0.0543868
0.0310702
0.122429
-0.208827
0.10492
-0.069528
0.0800026
0.0645366
-0.00903444
-0.0719895
-0.0776777
0.157159
-0.175873
0.138014
0.188746
0.0946086
0.114839
0.200697
0.105049
0.0167183
-0.0207384
-0.251732
-0.0129887
0.100872
-0.0622349
0.0139878
0.0644513	