-0.0803837
0.0316406
-0.00100878
-0.051817
-0.133554
-0.00843615
-0.069939
-0.173761
0.11535
-0.135703
0.227766
-0.109699
-0.176115
-0.067157
-0.0724177
0.219272
-0.234203
-0.10206
-0.0494251
-0.0342133
0.0482459
-0.023719
0.0473774
0.0540417
-0.0636081
-0.385
-0.111119
-0.0628386
0.0227146
-0.0199612
-0.0620104
0.114096
-0.158544
-0.0280596
0.0474537
0.0739895
-0.00232376
-0.0988244
0.16915
-0.0676917
-0.228659
0.0318302
0.128355
0.203188
0.205281
0.0366829
0.0126129
-0.121589
0.138841
-0.174908
-0.0136395
0.120776
0.00559022
0.0347791
-0.0394201
-0.136276
0.0373974
0.106038
-0.101832
-0.0058713
0.119664
-0.152135
-0.0508993
-0.0770057
0.21988
0.133696
-0.109497
-0.195501
0.102094
-0.152429
-0.0540924
-0.0234848
-0.180838
-0.176994
-0.29956
-0.0214488
0.380013
0.0980849
-0.134525
0.0836397
0.00678611
0.0415921
0.151628
0.202209
-0.03383
0.013915
-0.102712
0.0277735
0.20969
-0.0777575
-0.00622573
0.241055
-0.0411281
0.0787531
0.0431313
0.062295
-0.0833276
0.0418261
-0.151535
0.0278984
0.0703332
-0.0326351
0.0299458
0.092172
-0.134291
0.108059
-0.0668488
0.0783756
0.0483418
-0.0726257
-0.0450118
-0.0283316
0.122173
-0.170043
0.162032
0.167839
0.0899018
0.165865
0.156362
0.106801
-0.00914997
-0.00707509
-0.236265
0.00918804
0.0897246
-0.0305391
0.0648569
0.00780724	