-0.0947514
0.13229
0.0355718
-0.0666515
-0.0487691
-0.0230079
-0.057092
-0.168206
0.10867
-0.0786996
0.237976
-0.0136869
-0.162788
-0.166305
-0.066072
0.198268
-0.233213
-0.148189
-0.0597532
0.0164994
0.109078
0.0232733
0.0216423
0.0422624
-0.115042
-0.309658
-0.0813666
-0.0407209
0.0183533
-0.0388724
-0.050522
0.0615457
-0.191976
-0.0451801
0.0369322
0.0941112
0.0244343
-0.0396724
0.191878
0.0160666
-0.220622
0.0980523
0.113164
0.257938
0.235861
-0.0354523
0.0356206
-0.126737
0.11768
-0.154549
0.0278973
0.190148
0.119333
0.0920063
0.0175197
-0.125858
0.0166883
0.0667517
-0.0444626
0.0364657
0.125582
-0.0359943
0.00834047
-0.0482326
0.126141
0.0204002
-0.127843
-0.188054
0.0546218
-0.106233
-0.101215
0.0374655
-0.19703
-0.151425
-0.316088
0.0137199
0.387954
0.0982113
-0.243853
0.0359726
-0.0655836
-0.00310231
0.151565
0.137243
-0.0060156
0.0135488
-0.1015
0.044826
0.230723
-0.026553
-0.0299954
0.246955
0.0299995
0.0743562
0.0203813
0.0586401
-0.015463
0.0742872
-0.124699
0.0536354
0.0102251
-0.0674919
0.00587708
0.119334
-0.12541
0.106918
0.0362476
0.10501
0.0257083
0.0621326
-0.138614
-0.0633658
0.10518
-0.166563
0.222162
0.20405
0.0244924
0.0448516
0.167145
0.133292
-0.00245734
0.0154726
-0.119589
-0.0261202
0.0539738
-0.0218576
0.0761858
0.0114522	