-0.0824382
-0.015451
-0.0168485
-0.0815681
-0.159566
-0.00774668
-0.0193541
-0.119909
0.132731
-0.0994499
0.1667
-0.0709444
-0.206585
-0.140391
-0.142749
0.134334
-0.169828
-0.137246
0.00721825
0.0162562
0.0960033
0.0185084
-0.00049212
0.0434989
-0.0680854
-0.389948
-0.0922087
-0.056437
-0.00508894
-0.0438696
-0.01409
0.0958877
-0.197221
-0.0632668
0.0224859
0.092118
-0.00930605
-0.0469254
0.144282
-0.00975726
-0.227831
-0.0403
0.118401
0.206174
0.15336
0.0668746
0.00412644
-0.088795
0.0965944
-0.157222
-0.0408727
0.146712
0.0597679
0.0288686
-0.0369336
-0.117821
0.0488075
0.104407
-0.134157
0.0130975
0.0735495
-0.126577
-0.047357
-0.0308991
0.200923
0.0352581
-0.0636629
-0.195258
0.18011
-0.219038
-0.104433
0.00750098
-0.120018
-0.167328
-0.275486
-0.0102664
0.356508
0.167086
-0.131765
0.0687163
-0.0314815
0.0765616
0.160575
0.109155
-0.0347359
0.070233
-0.13125
-0.028149
0.19656
-0.0235443
-0.0338784
0.182547
0.022188
0.100065
0.0886321
-0.0192421
-0.0407458
0.0817846
-0.171816
0.0334232
0.0697245
-0.0459943
0.0652313
0.109859
-0.0962523
0.101629
-0.0374279
0.00929105
0.0109278
-0.0293476
-0.101647
-0.0486019
0.116649
-0.179088
0.209779
0.165241
0.104162
0.166546
0.172371
0.0813119
-0.011152
-0.0576503
-0.18469
-0.0511209
0.0827053
-0.0714044
0.119059
-0.0171039	