-0.0522978
0.0380656
0.0189591
-0.0368266
-0.0881917
-0.0475904
-0.0416833
-0.130823
0.139004
-0.122377
0.258265
-0.0367916
-0.23584
-0.123961
-0.0868821
0.165852
-0.170082
-0.128962
0.016363
-0.00500268
0.148662
0.00267887
0.0272761
0.0119178
-0.0619764
-0.320691
-0.118975
-0.0808218
0.0815727
-0.0305305
-0.0223386
0.0661861
-0.173404
-0.0496195
0.0342598
0.0465943
0.019327
-0.0462563
0.202564
-0.0221469
-0.238597
-0.00707685
0.0299054
0.238755
0.159017
0.0262722
0.0319973
-0.177614
0.11967
-0.158317
0.045321
0.167067
0.089946
0.0514662
-0.0219295
-0.136048
0.0676083
0.0936662
-0.100873
0.0255493
0.121607
-0.0882197
-0.00723769
-0.034795
0.218592
-0.0211569
-0.123316
-0.189317
0.113787
-0.149208
-0.0884335
0.0671139
-0.185868
-0.141573
-0.32631
-0.00372219
0.389515
0.054695
-0.180057
0.102524
-0.075532
0.0366479
0.183341
0.169117
0.00257888
0.0134934
-0.133727
-0.0146305
0.225061
-0.121953
-0.0294514
0.226168
-0.0132773
0.128822
0.034855
0.0653866
-0.0366778
0.0470084
-0.095398
0.0221857
0.0745205
-0.0374542
-0.00897706
0.119641
-0.153368
0.100927
-0.0157861
0.0825495
0.0629593
-0.0668219
-0.0989707
-0.071282
0.115042
-0.201175
0.233498
0.170737
0.0831201
0.0959522
0.152126
0.085212
-0.0163306
-0.0655231
-0.229505
0.00313974
0.0852918
-0.0426032
0.0349511
-0.0274599	