-0.10082
0.0892595
0.040212
-0.0571142
-0.147326
-0.00969516
-0.0551988
-0.135581
0.117833
-0.109623
0.248464
-0.0819563
-0.218985
-0.0537497
-0.0456888
0.217732
-0.188605
-0.149817
-0.0888668
0.0252984
-0.0310833
-0.0459359
0.0573722
0.0247207
-0.126245
-0.355859
-0.0824894
-0.0656874
0.0188692
0.0349206
-0.0342289
-0.00402715
-0.184279
-0.0753839
0.0946456
0.0956116
-0.0332405
-0.111
0.162095
-0.0646548
-0.246528
0.057199
0.110744
0.245728
0.144179
0.0255727
0.0575864
-0.116466
0.1221
-0.172307
0.0399045
0.0584859
0.0936909
0.0162812
0.046093
-0.149609
0.0619168
0.204659
-0.138599
0.0115003
0.0912934
0.00872181
-0.0042307
-0.108765
0.234004
0.0808976
-0.135852
-0.184131
0.0985649
-0.108723
-0.0154384
0.0359172
-0.160905
-0.190664
-0.324419
-0.0129951
0.373191
0.128741
-0.144513
0.0253444
0.0184067
0.0297744
0.0514331
0.141419
-0.0421248
0.0362651
-0.0888304
-0.00625186
0.233083
-0.0693821
-0.0160165
0.220963
-0.0145659
-0.00473392
-0.0116114
-0.00652385
-0.105056
0.0264328
-0.147118
0.00560983
0.0226629
-0.0282231
0.020821
0.0863549
-0.198408
0.0636616
-0.0381496
0.0460441
0.01843
0.0119312
-0.0763651
-0.0523991
0.135378
-0.236881
0.175499
0.211924
0.109483
0.0935597
0.155638
-0.0190922
0.0374642
0.0618084
-0.182134
-0.0447085
0.0594683
-0.102467
0.11133
0.0389813	