-0.0941806
0.0895668
0.102358
-0.0792469
-0.163576
0.00452036
-0.0516546
-0.130356
0.210097
-0.170535
0.259578
-0.101688
-0.232423
0.00527736
-0.0782847
0.215086
-0.147375
-0.131103
0.0204404
0.102979
0.106536
-0.0136787
0.0368585
-0.00622275
-0.125047
-0.366792
-0.122631
0.0096995
-0.0239895
-0.0628631
-0.0654307
0.0701627
-0.163015
-0.0653133
-0.00527596
0.103988
-0.0677175
-0.125765
0.193004
0.0168927
-0.34732
0.0631348
0.0563853
0.245179
0.116722
0.0208316
0.0433703
-0.172969
0.115589
-0.200109
-0.000309205
0.0962508
0.101096
-0.0078639
0.00313186
-0.116198
0.021831
0.117512
-0.157595
0.0209514
0.18222
-0.078083
0.00266918
-0.141649
0.199832
0.0949374
-0.121817
-0.164592
0.13261
-0.0735135
-0.0916628
0.0651734
-0.146689
-0.231885
-0.303052
-0.00260375
0.371292
0.0780656
-0.12971
0.0442809
0.0115101
0.0309999
0.0555966
0.220144
-0.000669714
0.0714576
-0.0843658
0.00453041
0.235056
-0.120132
-0.00395131
0.237626
0.0193753
0.0756003
-0.0150527
0.065112
-0.0939726
0.0822166
-0.165891
0.0325485
0.0515256
-0.0405613
0.00929851
0.132541
-0.186175
0.135766
-0.0381285
0.00533949
0.0493688
-0.0254781
-0.0735241
-0.0417145
0.0988929
-0.248137
0.122706
0.175503
0.07298
0.105194
0.177318
0.068334
0.0438011
0.0291002
-0.23677
-0.0449736
0.100026
-0.0430426
0.0818114
0.0359121	