-0.117721
0.0876816
-0.00248314
-0.0953238
-0.175732
-0.0215891
-0.0697177
-0.141152
0.152259
-0.11965
0.253726
-0.0650412
-0.240598
-0.0991476
-0.0776079
0.190016
-0.148985
-0.121772
-0.0122934
0.032278
0.0700943
-0.0393828
0.0440707
0.0425542
-0.0930427
-0.40434
-0.0932515
-0.0579786
-0.0685944
-0.0304759
0.00329889
0.0355217
-0.175488
-0.041351
0.0122022
0.0742709
-0.0639984
-0.0472488
0.204161
-0.00961752
-0.267209
-0.0308647
0.116715
0.208017
0.153965
0.0310242
0.0322124
-0.143881
0.144018
-0.17415
0.00950671
0.142589
0.0321154
0.0299544
0.0123413
-0.115327
0.00797862
0.192397
-0.121172
0.00534407
0.0951383
-0.0462074
-0.0803461
-0.122367
0.280815
0.11407
-0.164848
-0.161223
0.125686
-0.0967974
-0.0815386
0.0428805
-0.184878
-0.223649
-0.289145
0.0485806
0.379291
0.0972397
-0.123326
-0.0116148
-0.0417657
0.0138506
0.0953334
0.145342
-0.00153821
-0.0137364
-0.077447
-0.00583949
0.202659
-0.0809919
0.00637145
0.235175
-0.0231219
0.134215
-0.040653
0.0463106
-0.123535
0.084009
-0.167395
0.0140258
0.0510957
-0.0278657
0.0448186
0.101388
-0.120335
0.0672903
0.00201381
0.0579493
0.0403243
-0.00258049
-0.103432
-0.100079
0.0975161
-0.1765
0.240519
0.140069
0.102547
0.112982
0.203591
0.0591423
0.0209643
-0.0221729
-0.205623
0.0239538
0.100823
-0.0423703
0.0633963
-0.0242573	