-0.106921
0.14856
-0.00412902
-0.0375851
-0.0915877
-0.053625
-0.0501682
-0.147208
0.121974
-0.0529254
0.238551
-0.0505981
-0.175739
-0.171844
-0.0629946
0.140684
-0.182178
-0.182932
-0.0608906
0.0172247
0.12677
-0.0282022
0.0541913
0.0284773
-0.124898
-0.331252
-0.105955
-0.0787812
-0.0189637
-0.0681252
0.0072059
0.0240558
-0.19973
-0.0768978
0.0180065
0.104893
-0.0709572
-0.0708281
0.208397
-0.0453674
-0.216718
0.0554342
0.0623976
0.266121
0.185612
0.000523228
0.0399817
-0.142204
0.129884
-0.0737172
0.000918599
0.223838
0.0848359
0.084139
0.011234
-0.0824879
0.0701157
0.11247
-0.108162
-0.0415352
0.0921123
-0.0554789
-0.0239694
-0.109983
0.184641
0.0296975
-0.0926325
-0.216387
0.10786
-0.113839
-0.110723
0.0847452
-0.201643
-0.194683
-0.276312
0.00827521
0.369
0.0832745
-0.171562
0.064876
-0.0376479
-0.0145961
0.077478
0.145369
-0.0417938
0.0938716
-0.147999
0.0329455
0.218356
-0.0695726
-0.0509942
0.186253
0.0287499
0.0746591
0.0648644
-0.0213923
-0.0496544
0.0997557
-0.152782
0.0257664
0.044709
-0.061723
-0.0309983
0.062479
-0.0586507
0.109242
0.0322015
0.0916042
-0.0722519
-0.0381803
-0.128583
-0.0464534
0.121031
-0.193303
0.230255
0.146669
0.0873783
0.085489
0.181214
0.092209
-0.0362642
0.00626378
-0.201315
-0.00474385
0.0887015
0.0109149
0.121545
0.00322958	