-0.0756492
0.0253959
0.0117422
-0.124322
-0.11892
-0.0200851
-0.148546
-0.156123
0.10277
-0.18411
0.268285
-0.076886
-0.174927
-0.067032
-0.0639881
0.19951
-0.204213
-0.132552
0.00962572
0.0362518
0.082664
-0.053473
-0.015437
0.0460242
-0.130747
-0.312737
-0.137989
-0.0677602
-0.0171875
-0.0356455
-0.035974
0.0379895
-0.167106
0.0177077
0.0117478
0.089884
0.0116175
-0.106144
0.141013
0.0147252
-0.294677
0.0610005
0.0487333
0.134008
0.121464
0.0701959
0.0269103
-0.176482
0.155179
-0.150943
0.0510181
0.11948
0.0647026
0.0246575
-0.00904637
-0.155554
0.0876499
0.116835
-0.161009
-0.0056526
0.116006
-0.031418
0.0321808
-0.100734
0.182652
0.159893
-0.120356
-0.165069
0.151689
-0.109737
-0.0840256
0.0912411
-0.140536
-0.205828
-0.276675
-0.037567
0.388137
0.128705
-0.148338
-0.0106674
-0.017823
-0.0124685
0.151272
0.136398
-0.00108577
-0.0257821
-0.0700963
-0.0398606
0.275379
-0.0300762
-0.00308041
0.216161
-0.0201758
0.104916
-0.0034816
0.0742578
-0.0747746
0.0574081
-0.0627344
0.0289504
-0.0219781
-0.0446062
-0.0379046
0.105387
-0.144418
0.128789
-0.0147435
0.0308008
-0.00756642
0.0390922
-0.0589502
-0.0232974
0.100818
-0.218361
0.194991
0.170366
0.112926
0.102246
0.155252
0.0935363
-0.0449837
-0.10039
-0.265144
-0.0548705
0.0645737
-0.0687367
0.0906275
0.00969085	