-0.13191
0.113966
0.0152738
-0.0337359
-0.102799
-0.0304636
-0.0486678
-0.0779766
0.155973
-0.0538812
0.199179
-0.0416426
-0.227424
-0.0409623
-0.0969877
0.223811
-0.214247
-0.127279
0.015572
0.0666882
0.129264
0.00199316
0.0107829
0.0364741
-0.104937
-0.357507
-0.0872397
-0.0963668
-0.0824912
-0.0492168
0.0168962
0.124844
-0.149834
-0.010371
0.0435831
0.0694868
-0.0193885
-0.0715243
0.181888
0.0108316
-0.292508
0.0671258
0.107646
0.249453
0.107446
0.0164995
0.0504164
-0.131549
0.0914761
-0.195138
-0.0381475
0.151858
0.143876
0.0456334
-0.0129624
-0.107411
0.0712379
0.0465011
-0.154923
0.000624565
0.139326
-0.093206
0.0140588
-0.0736341
0.269525
0.0932511
-0.145691
-0.124934
0.104765
-0.116802
-0.0879467
0.0830076
-0.141218
-0.221101
-0.240413
0.017214
0.341446
0.0831503
-0.152785
0.0523254
-0.0722524
0.0290151
0.0498435
0.207693
-0.03979
0.0188324
-0.0817988
-0.029686
0.284909
-0.0886007
0.00303709
0.230827
0.0467029
0.0561161
-0.0239759
-0.0165206
-0.0237232
0.0147226
-0.083798
0.0317851
-0.0338657
-0.0628096
-0.0383909
0.0956623
-0.159922
0.0418351
-0.0262264
0.00152443
0.0163995
0.0365111
-0.0725702
-0.0866168
0.0739346
-0.221139
0.215929
0.151574
0.0569705
0.085152
0.113795
0.115427
-0.0226415
-0.0315704
-0.166506
-0.0300813
0.16532
-0.0371412
0.0431532
-0.0470809	