-0.160931
0.0875677
0.0841306
-0.119492
-0.12242
0.000934867
-0.0731278
-0.0934977
0.129637
-0.189848
0.188435
-0.104148
-0.2193
-0.0355904
-0.0999445
0.220165
-0.136366
-0.131685
-0.0551236
-0.0172841
0.0981758
0.0370026
-0.0140007
0.0169666
-0.126906
-0.327008
-0.103249
-0.0190524
-0.0624132
-0.0464339
-0.0299413
0.0974981
-0.172205
-0.0096756
0.00237516
0.107982
-0.041362
-0.0864645
0.144696
-0.0096443
-0.247179
0.00409208
0.0627635
0.203882
0.138511
-0.0277146
0.0363297
-0.127628
0.105344
-0.196547
-0.00963243
0.149213
0.0578986
0.0805572
0.0220646
-0.0883049
0.0733648
0.149962
-0.0741711
-0.0172246
0.109547
-0.121685
-0.0501239
-0.093824
0.175059
0.115554
-0.0990391
-0.198372
0.155523
-0.0716016
-0.0813268
0.0561118
-0.166667
-0.177129
-0.238598
0.0285913
0.344325
0.146465
-0.147225
0.0750918
-0.0136653
0.0473666
0.118164
0.16626
-0.0375432
0.0336927
-0.0339973
0.0703111
0.206812
-0.0645627
-0.0378928
0.187802
0.0221138
0.0791616
0.0213874
-0.0170495
-0.0423649
0.0471575
-0.112322
0.0477817
0.0728173
-0.0273627
-0.0228979
0.111107
-0.0943583
0.156622
-0.0378476
0.0470524
-0.00683129
-0.0159028
-0.0592413
0.0147483
0.0951021
-0.155758
0.170135
0.148575
0.0213596
0.117627
0.192957
0.0934742
0.0319012
-0.0135515
-0.21858
-0.0401861
0.170603
-0.0290797
0.0846974
-0.0128459	