-0.0821261
0.0593228
0.0535214
-0.0966438
-0.216928
-0.0951124
-0.0895139
-0.201334
0.0866852
-0.1336
0.233461
-0.109062
-0.198195
-0.102174
-0.0847944
0.217001
-0.147805
-0.156678
-0.0469802
-0.023219
0.0535777
-0.0111308
0.0521575
0.0448027
-0.0700572
-0.334021
-0.111014
-0.0540524
-0.0394227
-0.0463563
-0.029778
0.0283474
-0.208416
-0.071653
0.0448015
0.0256209
-0.052528
-0.125077
0.153435
-0.0634202
-0.271645
0.0224613
0.105062
0.163467
0.196456
-0.00664734
0.0252978
-0.148649
0.0971965
-0.134639
-0.00408341
0.140391
0.050926
0.0256921
-0.00134551
-0.0950507
0.0582879
0.184699
-0.134578
0.0120524
0.16387
-0.0838011
-0.0363456
-0.105868
0.239836
0.076398
-0.132065
-0.175934
0.135898
-0.134105
-0.0764014
0.0351174
-0.191838
-0.222817
-0.295471
0.0114339
0.349722
0.160708
-0.179624
-0.0011359
-0.0296741
0.1113
0.108947
0.13211
-0.00188707
0.00477556
-0.0919413
-0.00991319
0.189098
-0.0755295
-0.0363066
0.283831
-0.00395282
0.0509
0.0220352
0.0255449
-0.0562561
0.0344495
-0.132193
0.0513292
0.0275198
-0.052559
0.0278338
0.125939
-0.0796063
0.0619641
-0.0601352
0.0704581
-0.0402705
-0.0147165
-0.0657129
-0.0953509
0.0864503
-0.176082
0.218849
0.184277
0.105985
0.110521
0.145868
0.075286
-0.00171285
-0.0540276
-0.153436
-0.0136823
0.0991485
-0.0519859
0.113971
0.0255997	