-0.126248
0.0746536
-0.01051
-0.0046839
-0.116377
-0.00759699
-0.06163
-0.150003
0.130595
-0.0614491
0.273265
-0.0199556
-0.215249
-0.149397
-0.0844392
0.171635
-0.17519
-0.123623
0.0143859
-0.00949308
0.102291
-0.0225788
0.0780197
0.0783328
-0.109259
-0.319691
-0.0600327
-0.127269
0.0368579
-0.0464684
-0.0518147
0.0635251
-0.193601
-0.0846626
0.00145293
0.0724495
-0.0198264
-0.0135753
0.212474
-0.0295243
-0.213772
-0.0225436
0.026899
0.261358
0.212713
0.0584214
0.0100635
-0.147316
0.103902
-0.153886
0.0266456
0.196916
0.0713615
0.00802498
-0.063424
-0.120986
0.0507245
0.0529631
-0.0992015
-0.00452868
0.119298
-0.0648184
-0.0414845
-0.0787407
0.229556
-0.00148405
-0.118553
-0.137705
0.144681
-0.116965
-0.0962052
0.0542378
-0.18896
-0.20024
-0.308233
-0.0206683
0.391162
0.0911348
-0.202119
0.0659834
-0.097339
0.0215251
0.131138
0.144729
0.0212733
-0.0217965
-0.1513
-0.0325543
0.174434
-0.0820571
-0.00986237
0.228871
0.0237713
0.0833993
0.0604776
0.100725
-0.0760205
0.0827699
-0.136645
-0.00479261
0.0638363
-0.0252957
0.0254874
0.102837
-0.140709
0.151805
0.0102375
0.109766
0.076317
-0.0564048
-0.112175
-0.0864536
0.144207
-0.166647
0.201677
0.154832
0.0781631
0.118383
0.17312
0.128008
-0.0535681
-0.0204469
-0.26536
-0.0204282
0.0697769
-0.0895772
0.0659128
0.0232909	