-0.0174926
0.0323857
0.0696716
-0.0874612
-0.120305
0.0444355
-0.0850409
-0.133874
0.142802
-0.115729
0.181298
-0.0695896
-0.196839
-0.0347371
-0.0968432
0.217261
-0.163319
-0.181055
-0.0207679
0.0162218
0.0565698
0.00178184
-0.000882522
0.0516132
-0.134554
-0.282935
-0.0972185
-0.0370831
-0.0413938
-0.0828537
-0.0733015
0.0441146
-0.157051
0.0668475
0.0591509
0.0630446
0.0231586
-0.130491
0.150451
-0.00782277
-0.277741
0.0587565
0.111273
0.145755
0.18924
-0.00200436
-0.0137451
-0.141471
0.121164
-0.139009
0.0077069
0.158252
0.104199
0.0401179
-0.0131088
-0.150076
0.0127388
0.112264
-0.0943417
0.00940986
0.0771907
-0.0544743
-0.0365672
-0.110095
0.177124
0.123231
-0.13062
-0.254565
0.124589
-0.155343
-0.120734
0.015297
-0.185912
-0.166971
-0.249365
-0.0344447
0.286589
0.0944674
-0.25669
0.0670792
0.0176503
0.0715968
0.0593629
0.17357
-0.0361599
0.0504646
-0.0666146
-0.0495888
0.250253
-0.067762
0.00363258
0.215046
-0.0301925
0.0534327
0.0175662
-0.00346262
-0.0372918
0.0657832
-0.137984
0.00822711
-0.00122533
-0.0113751
0.0065333
0.135535
-0.160734
0.109339
-0.0397877
0.0164096
0.0227103
0.0465786
-0.096594
-0.0613691
0.146962
-0.214193
0.199119
0.162564
0.104451
0.0564198
0.146521
0.142775
0.0202995
0.0373981
-0.17857
-0.020268
0.0875625
-0.114209
0.0524999
0.0138432	