-0.132533
0.0484558
0.0245755
-0.0209585
-0.135767
-0.00519576
-0.141117
-0.173621
0.100043
-0.128819
0.20419
-0.0329546
-0.185718
-0.0758125
-0.0520775
0.154468
-0.184743
-0.08795
-0.0116872
-0.0418261
0.084435
0.0132803
0.0693223
0.031628
-0.0535242
-0.358259
-0.130892
-0.0536189
0.0582982
-0.0251636
-0.0480898
0.00407748
-0.138893
-0.0267262
0.0453256
0.0850696
0.0213681
-0.0744125
0.192201
-0.0672844
-0.224706
0.0269018
0.0853505
0.201225
0.216039
0.0472595
0.00444695
-0.115667
0.158978
-0.156073
0.0521456
0.160008
0.0550021
0.0619776
-0.0113205
-0.129718
0.0433762
0.130022
-0.0560764
0.0239428
0.11158
-0.123461
0.0273946
-0.0145829
0.210867
0.0722383
-0.108509
-0.212545
0.0663744
-0.145944
-0.0878655
0.0294866
-0.216951
-0.176833
-0.333085
0.037667
0.391435
0.123807
-0.167591
0.0534733
-0.0208885
0.0481392
0.16685
0.191189
0.000447243
-0.0391449
-0.105365
-0.00758774
0.23133
-0.0751214
-0.0616107
0.239003
0.0129114
0.134267
0.0345222
0.0979687
-0.0535898
0.0156645
-0.122553
0.0261704
0.0654112
0.00321464
0.0476164
0.117824
-0.141227
0.114753
-0.0385556
0.0758372
0.0364484
-0.0215119
-0.0843666
-0.049157
0.117721
-0.190457
0.232099
0.203756
0.112677
0.161534
0.153586
0.0987214
0.0211288
0.00542225
-0.143337
-0.0237127
0.0518894
-0.0035671
0.054514
0.0288371	