-0.092136
0.0641508
0.0415192
-0.0282281
-0.131887
-0.05578
-0.0877074
-0.119707
0.0873161
-0.101831
0.18946
-0.0683465
-0.174142
-0.0762287
-0.0358115
0.173044
-0.132733
-0.123733
-0.0569284
0.00201366
0.0903421
0.0562691
0.0737491
0.0304324
-0.0865003
-0.324863
-0.060395
-0.0965742
0.0227632
-0.0439641
-0.0591325
0.0610654
-0.187246
-0.10256
0.0353378
0.0773351
-0.0435122
-0.00830011
0.158024
0.0681617
-0.250934
0.0423625
0.034396
0.287682
0.220795
0.114572
0.0133471
-0.0924262
0.0843011
-0.229524
0.046284
0.0930137
0.0809541
-0.0329932
0.0515861
-0.105527
0.0336999
0.0837315
-0.160138
0.100249
0.129952
-0.0906133
-0.0628925
-0.106074
0.254267
0.0589829
-0.110521
-0.10453
0.106585
-0.135586
-0.153678
0.0329228
-0.132687
-0.16961
-0.331717
-0.0311047
0.400735
0.11703
-0.202721
0.0874307
0.048984
0.0465534
0.149502
0.192588
-0.0212567
0.0597611
-0.0532435
-0.0413058
0.168817
-0.0638766
-0.0635455
0.244394
-0.0333603
0.0847282
0.0575756
-0.0212068
-0.0380041
-0.0158552
-0.169769
-0.067244
0.0618028
-0.0491096
0.00666035
0.0829445
-0.135547
0.112049
-0.052981
0.0618616
0.0374131
-0.0139303
-0.110236
-0.0310626
0.124349
-0.188153
0.185978
0.207825
0.0560875
0.0831297
0.189049
0.0386214
0.0319045
0.0729342
-0.228779
-0.0667328
0.118489
-0.068178
0.120309
0.0355249	