-0.110817
0.00767595
0.04901
-0.0289101
-0.0888561
-0.0801423
-0.0448771
-0.125617
0.0992127
-0.122374
0.198041
-0.0789091
-0.199564
-0.0840403
-0.102227
0.15684
-0.239499
-0.0753475
-0.0286089
-0.0198118
0.129827
0.037715
0.0232637
0.0313907
-0.110754
-0.337015
-0.135777
-0.106364
0.00856673
-0.0243416
-0.0475069
0.0692104
-0.209817
-0.113752
0.0149997
0.0222869
-0.0291524
-0.05476
0.119892
-0.0378023
-0.178324
0.0360527
0.0707558
0.208953
0.132436
0.150969
-0.00498002
-0.131053
0.0998323
-0.183294
0.0164815
0.125959
0.0883815
0.0469735
-0.0118787
-0.107297
0.0924388
0.125132
-0.188867
0.0558428
0.102313
-0.174132
0.0273449
-0.0318975
0.20869
0.0494779
-0.082168
-0.0830529
0.157256
-0.15832
-0.0670002
-0.0310734
-0.0934209
-0.197778
-0.302176
-0.0104208
0.359855
0.140494
-0.130267
0.0922183
-0.0402313
0.0461538
0.171569
0.158957
-0.0461759
-0.015956
-0.0790609
-0.00405105
0.17287
-0.0583591
-0.00137028
0.226918
-0.00555118
0.0473689
0.0667956
-0.0298155
-0.0892679
0.0389992
-0.0655129
0.0776986
0.0350546
-0.0505076
0.00219715
0.0838703
-0.0959163
0.0904582
-0.0523002
-0.00405802
0.0214073
-0.0736097
-0.078122
-0.0655456
0.0718241
-0.221543
0.212524
0.180417
0.0224041
0.205317
0.0939845
0.108541
-0.0307049
-0.0282375
-0.248753
-0.0578866
0.187399
-0.0545541
0.118039
-0.0112761	